1784400979322 0.01612728089094162 0
1784400979325 0.012845800258219242 1
1784400979330 0.009879529476165771 2
1784400979334 0.01069652196019888 3
1784400979338 0.009173967875540257 4
1784400979341 0.009297630749642849 5
1784400979345 0.009039588272571564 6
1784400979348 0.007807039190083742 7
1784400979351 0.008802143856883049 8
1784400979355 0.009263831190764904 9
1784400979358 0.009576433338224888 10
1784400979361 0.009459171444177628 11
1784400979364 0.008334610611200333 12
1784400979369 0.00895976833999157 13
1784400979372 0.006658276077359915 14
1784400979376 0.00851086899638176 15
1784400979380 0.007929462008178234 16
1784400979384 0.007730117067694664 17
1784400979389 0.008013014681637287 18
1784400979392 0.008322897367179394 19
1784400979396 0.006415701005607843 20
1784400979400 0.007561896461993456 21
1784400979404 0.006001351401209831 22
1784400979407 0.0067839971743524075 23
1784400979410 0.006876781582832336 24
1784400979414 0.007355486508458853 25
1784400979417 0.006904909387230873 26
1784400979424 0.0068016666918993 27
1784400979429 0.007193812634795904 28
1784400979435 0.006235669832676649 29
1784400979442 0.007233722601085901 30
1784400979446 0.005351963918656111 31
1784400979452 0.005382387433201075 32
1784400979455 0.006018629297614098 33
1784400979458 0.005464581772685051 34
1784400979462 0.005613340064883232 35
1784400979465 0.004471739754080772 36
1784400979470 0.004887546878308058 37
1784400979473 0.005315741058439016 38
1784400979477 0.0055265179835259914 39
1784400979481 0.006429729517549276 40
1784400979487 0.004972429480403662 41
1784400979494 0.0054882909171283245 42
1784400979497 0.006226170342415571 43
1784400979502 0.006088364403694868 44
1784400979505 0.00492281187325716 45
1784400979509 0.006834041327238083 46
1784400979512 0.005560543853789568 47
1784400979515 0.005896363407373428 48
1784400979518 0.006699425633996725 49
1784400979521 0.006143457721918821 50
1784400979524 0.005250385496765375 51
1784400979528 0.005560517311096191 52
1784400979531 0.005952355917543173 53
1784400979535 0.00540132587775588 54
1784400979538 0.0051663778722286224 55
1784400979541 0.0042482116259634495 56
1784400979543 0.005082762334495783 57
1784400979546 0.0041013495065271854 58
1784400979552 0.005124915856868029 59
1784400979558 0.004814947489649057 60
1784400979563 0.005355343222618103 61
1784400979568 0.005062681157141924 62
1784400979572 0.004256377462297678 63
1784400979576 0.004892369266599417 64
1784400979581 0.004875369369983673 65
1784400979587 0.0041123004630208015 66
1784400979590 0.0039808847941458225 67
1784400979594 0.004929414018988609 68
1784400979597 0.0038808463141322136 69
1784400979600 0.004722394049167633 70
1784400979604 0.004463442135602236 71
1784400979608 0.004506993107497692 72
1784400979616 0.004230710212141275 73
1784400979620 0.0040457663126289845 74
1784400979626 0.003961687441915274 75
1784400979631 0.005103657487779856 76
1784400979636 0.005254741292446852 77
1784400979639 0.0035324329510331154 78
1784400979642 0.00457225413993001 79
1784400979645 0.005105854012072086 80
1784400979648 0.0062250918708741665 81
1784400979651 0.004603114444762468 82
1784400979655 0.004948710557073355 83
1784400979659 0.006170046981424093 84
1784400979662 0.00463199382647872 85
1784400979666 0.0049513778649270535 86
1784400979669 0.005400508642196655 87
1784400979674 0.004556869622319937 88
1784400979677 0.004292853642255068 89
1784400979681 0.0043830350041389465 90
1784400979685 0.004524469841271639 91
1784400979688 0.006154769565910101 92
1784400979691 0.006381473038345575 93
1784400979695 0.005686292424798012 94
1784400979699 0.006412087474018335 95
1784400979702 0.005603497382253408 96
1784400979705 0.005108338315039873 97
1784400979709 0.005208620335906744 98
1784400979712 0.005627522710710764 99
1784400979717 0.006127269472926855 100
1784400979721 0.005435848142951727 101
1784400979726 0.0054677207954227924 102
1784400979730 0.00551439868286252 103
1784400979733 0.005232181400060654 104
1784400979738 0.005335165653377771 105
1784400979742 0.005587635096162558 106
1784400979745 0.005256359931081533 107
1784400979750 0.004675660748034716 108
1784400979753 0.004471029620617628 109
1784400979757 0.004797111265361309 110
1784400979760 0.005315002519637346 111
1784400979763 0.005027366802096367 112
1784400979766 0.0050214072689414024 113
1784400979770 0.005215291399508715 114
1784400979773 0.005736013408750296 115
1784400979776 0.004933447111397982 116
1784400979779 0.005081037059426308 117
1784400979782 0.005086286924779415 118
1784400979786 0.005573627073317766 119
1784400979789 0.0054411981254816055 120
1784400979792 0.00549308443441987 121
1784400979795 0.004084580112248659 122
1784400979798 0.004290696233510971 123
1784400979807 0.005051418673247099 124
1784400979811 0.005023223347961903 125
1784400979814 0.00463257497176528 126
1784400979818 0.004676483105868101 127
1784400979821 0.004842254798859358 128
1784400979824 0.005876867566257715 129
1784400979827 0.005474621430039406 130
1784400979830 0.0057815187610685825 131
1784400979833 0.004462806973606348 132
1784400979836 0.004558047745376825 133
1784400979841 0.005501944571733475 134
1784400979845 0.005961883347481489 135
1784400979849 0.004325700458139181 136
1784400979854 0.0047524417750537395 137
1784400979858 0.004876621067523956 138
1784400979862 0.004406336694955826 139
1784400979865 0.004884617868810892 140
1784400979868 0.0056932042352855206 141
1784400979872 0.005680358503013849 142
1784400979875 0.005191689357161522 143
1784400979880 0.004953546915203333 144
1784400979884 0.004621301311999559 145
1784400979888 0.003967676777392626 146
1784400979891 0.005055347923189402 147
1784400979895 0.0050689238123595715 148
1784400979899 0.0053477524779737 149
1784400979903 0.0054847002029418945 150
1784400979907 0.00490204943343997 151
1784400979910 0.0051824250258505344 152
1784400979914 0.00456062750890851 153
1784400979918 0.005500438157469034 154
1784400979922 0.00496666319668293 155
1784400979926 0.00427717762067914 156
1784400979929 0.0046673850156366825 157
1784400979932 0.004827334079891443 158
1784400979935 0.005530718248337507 159
1784400979939 0.0047244238667190075 160
1784400979943 0.005250490736216307 161
1784400979946 0.0051528713665902615 162
1784400979949 0.00527657987549901 163
1784400979953 0.004122051410377026 164
1784400979957 0.0046110390685498714 165
1784400979961 0.0043647331185638905 166
1784400979964 0.00418314291164279 167
1784400979967 0.0042544263415038586 168
1784400979970 0.005797410849481821 169
1784400979973 0.005205018445849419 170
1784400979977 0.005391858983784914 171
1784400979981 0.004649330861866474 172
1784400979984 0.0047766659408807755 173
1784400979987 0.005497606936842203 174
1784400979990 0.005132695194333792 175
1784400979994 0.006316706072539091 176
1784400979998 0.006148101761937141 177
1784400980001 0.004877632949501276 178
1784400980005 0.005411824211478233 179
1784400980008 0.005325240548700094 180
1784400980011 0.005003667436540127 181
1784400980016 0.0045710536651313305 182
1784400980019 0.004814267624169588 183
1784400980022 0.004992230795323849 184
1784400980025 0.005770934280008078 185
1784400980028 0.005061522591859102 186
1784400980032 0.0056518972851336 187
1784400980036 0.004979942459613085 188
1784400980039 0.006070934236049652 189
1784400980042 0.005052020773291588 190
1784400980045 0.005402166862040758 191
1784400980047 0.004670076537877321 192
1784400980050 0.005654300097376108 193
1784400980054 0.004839522764086723 194
1784400980057 0.004673843737691641 195
1784400980060 0.005041849333792925 196
1784400980063 0.004338629078119993 197
1784400980066 0.005009730812162161 198
1784400980069 0.005700069945305586 199
1784400980071 0.0033648135140538216 200
1784400980075 0.004626581445336342 201
1784400980078 0.004781112540513277 202
1784400980081 0.004805202130228281 203
1784400980084 0.005261695012450218 204
1784400980087 0.005566678941249847 205
1784400980090 0.004518712870776653 206
1784400980093 0.005292315501719713 207
1784400980096 0.004347941372543573 208
1784400980099 0.0048157223500311375 209
1784400980103 0.006334031466394663 210
1784400980106 0.0050137960352003574 211
1784400980109 0.004836781416088343 212
1784400980113 0.004217489156872034 213
1784400980116 0.004778092261403799 214
1784400980119 0.004681431222707033 215
1784400980123 0.0044905380345880985 216
1784400980127 0.004693309776484966 217
1784400980131 0.004299535416066647 218
1784400980133 0.004460994154214859 219
1784400980136 0.005762131419032812 220
1784400980139 0.005463204812258482 221
1784400980141 0.004102526698261499 222
1784400980144 0.005012651905417442 223
1784400980147 0.005321470554918051 224
1784400980153 0.0048652831465005875 225
1784400980159 0.00463563809171319 226
1784400980165 0.004653374198824167 227
1784400980170 0.004431841894984245 228
1784400980174 0.004684536252170801 229
1784400980178 0.005618605297058821 230
1784400980181 0.005107025150209665 231
1784400980186 0.005060689523816109 232
1784400980192 0.004525991156697273 233
1784400980198 0.0056119258515536785 234
1784400980204 0.005595803260803223 235
1784400980210 0.0059363581240177155 236
1784400980213 0.004477029200643301 237
1784400980218 0.004963783081620932 238
1784400980224 0.004877198487520218 239
1784400980229 0.005658910144120455 240
1784400980240 0.005867247935384512 241
1784400980245 0.0044585638679564 242
1784400980249 0.004478204529732466 243
1784400980253 0.004969175439327955 244
1784400980256 0.004216809291392565 245
1784400980259 0.004988355096429586 246
1784400980263 0.00530605623498559 247
1784400980275 0.0057996716350317 248
1784400980279 0.00547653017565608 249
1784400980283 0.005183145869523287 250
1784400980285 0.005200875457376242 251
1784400980288 0.0054014609195292 252
1784400980291 0.004903323017060757 253
1784400980293 0.005100823473185301 254
1784400980298 0.004973505157977343 255
1784400980301 0.005233465228229761 256
1784400980305 0.00615197978913784 257
1784400980308 0.006839974317699671 258
1784400980312 0.005289051216095686 259
1784400980316 0.005490726325660944 260
1784400980318 0.0064273979514837265 261
1784400980322 0.006594102829694748 262
1784400980326 0.006641407962888479 263
1784400980329 0.005531468894332647 264
1784400980333 0.0057910289615392685 265
1784400980336 0.005290638655424118 266
1784400980340 0.005161934997886419 267
1784400980344 0.005447859410196543 268
1784400980347 0.006820648908615112 269
1784400980350 0.006343359127640724 270
1784400980353 0.005483725573867559 271
1784400980356 0.004747588653117418 272
1784400980360 0.005550969857722521 273
1784400980363 0.006466818507760763 274
1784400980366 0.004796087276190519 275
1784400980370 0.0061990427784621716 276
1784400980373 0.004582531750202179 277
1784400980376 0.006014080718159676 278
1784400980380 0.005701748188585043 279
1784400980383 0.005204574670642614 280
1784400980386 0.004826386459171772 281
1784400980390 0.004422601778060198 282
1784400980394 0.005376820918172598 283
1784400980397 0.004373166710138321 284
1784400980401 0.004517346154898405 285
1784400980405 0.004650438204407692 286
1784400980409 0.0048791952431201935 287
1784400980412 0.005102021619677544 288
1784400980415 0.006055621430277824 289
1784400980418 0.005129348952323198 290
1784400980421 0.005420299246907234 291
1784400980425 0.005589492619037628 292
1784400980428 0.005175467114895582 293
1784400980431 0.005860632751137018 294
1784400980438 0.005661403760313988 295
1784400980441 0.004910334944725037 296
1784400980444 0.006060440558940172 297
1784400980447 0.005458775907754898 298
1784400980450 0.005815531592816114 299
1784400980452 0.005031574983149767 300
1784400980454 0.004200522787868977 301
1784400980457 0.005418711807578802 302
1784400980460 0.004336287267506123 303
1784400980463 0.005093086510896683 304
1784400980467 0.005748082417994738 305
1784400980473 0.005817342549562454 306
1784400980476 0.005375637207180262 307
1784400980479 0.004947001580148935 308
1784400980482 0.00466137146577239 309
1784400980485 0.005627486854791641 310
1784400980489 0.005393464118242264 311
1784400980492 0.005300631280988455 312
1784400980496 0.004881652072072029 313
1784400980499 0.005000617820769548 314
1784400980504 0.004805533681064844 315
1784400980515 0.004485165700316429 316
1784400980517 0.004941230174154043 317
1784400980521 0.00635667284950614 318
1784400980525 0.00441982364282012 319
1784400980527 0.005570933688431978 320
1784400980530 0.005929335951805115 321
1784400980532 0.004622910171747208 322
1784400980534 0.005048881284892559 323
1784400980538 0.005726293195039034 324
1784400980541 0.005101215094327927 325
1784400980545 0.005623747128993273 326
1784400980548 0.004371840041130781 327
1784400980552 0.005072872154414654 328
1784400980556 0.005277873482555151 329
1784400980560 0.004760580137372017 330
1784400980564 0.0050070080906152725 331
1784400980567 0.005499550607055426 332
1784400980571 0.005215365905314684 333
1784400980575 0.004676351323723793 334
1784400980578 0.00550295552238822 335
1784400980582 0.005021460819989443 336
1784400980586 0.006427483633160591 337
1784400980589 0.005895716603845358 338
1784400980593 0.004630276467651129 339
1784400980595 0.006078067701309919 340
1784400980599 0.004890599753707647 341
1784400980601 0.005144243594259024 342
1784400980604 0.005861486773937941 343
1784400980606 0.005223887041211128 344
1784400980609 0.005260418634861708 345
1784400980611 0.003800623817369342 346
1784400980613 0.004826581105589867 347
1784400980617 0.004899213556200266 348
1784400980621 0.004443373531103134 349
1784400980625 0.00498589314520359 350
1784400980628 0.0048609389923512936 351
1784400980632 0.0048100766725838184 352
1784400980635 0.005307490471750498 353
1784400980639 0.004777674563229084 354
1784400980642 0.0044402978383004665 355
1784400980645 0.005060452967882156 356
1784400980649 0.005641235504299402 357
1784400980652 0.004643459338694811 358
1784400980655 0.005084563512355089 359
1784400980658 0.004428633954375982 360
1784400980660 0.005909120664000511 361
1784400980662 0.00417121360078454 362
1784400980666 0.004648811649531126 363
1784400980671 0.005360388662666082 364
1784400980675 0.005285995546728373 365
1784400980679 0.004380772355943918 366
1784400980683 0.005162280052900314 367
1784400980687 0.00490204431116581 368
1784400980691 0.004782951902598143 369
1784400980696 0.004806200508028269 370
1784400980701 0.005349110346287489 371
