1784394081056 11.27497236907032 0
1784394087201 11.37904100971511 1
1784394093202 11.403973252044892 2
1784394098915 11.430899593800934 3
1784394104523 11.332941158742862 4
1784394110331 11.55433615157005 5
1784394115993 11.315102179657671 6
1784394121656 11.644320689838613 7
1784394127439 11.257335419404074 8
1784394133096 11.517359114267595 9
1784394138870 11.309078354330147 10
1784394144589 11.532573787882015 11
1784394150063 11.372861300852838 12
1784394155625 11.348187751455184 13
1784394161256 11.292106901235757 14
1784394166812 11.329387684062299 15
1784394172566 11.172070500886461 16
1784394178057 11.302319247376245 17
1784394183778 11.53950822264557 18
1784394189587 11.559831108540235 19
1784394195399 11.389808416941616 20
1784394201267 11.59245686791913 21
1784394207139 11.59474783115561 22
1784394212865 11.276795329224525 23
1784394218624 1.451621372088002 24
1784394224344 1.1692608004507647 25
1784394230077 1.1520299138007712 26
1784394235929 1.1623383281327881 27
1784394241705 1.145152739995571 28
1784394247439 1.1368138608871865 29
