1784393640463 23.692481994628906 0
1784393640466 44.2003173828125 1
1784393640469 32.35321807861328 2
1784393640471 18.634408950805664 3
1784393640473 17.00135612487793 4
1784393640476 15.578978538513184 5
1784393640478 13.03407096862793 6
1784393640481 10.633541107177734 7
1784393640484 8.253467559814453 8
1784393640487 7.522183895111084 9
1784393640489 6.563904285430908 10
1784393640493 5.928858757019043 11
1784393640495 6.742805480957031 12
1784393640497 6.131896018981934 13
1784393640501 5.0063796043396 14
1784393640504 5.141241550445557 15
1784393640507 5.24902868270874 16
1784393640510 4.673905372619629 17
1784393640513 4.0486955642700195 18
1784393640516 4.1110148429870605 19
1784393640519 4.028285026550293 20
1784393640522 4.591299057006836 21
1784393640525 3.882298469543457 22
1784393640529 3.6756629943847656 23
1784393640531 3.8873748779296875 24
1784393640534 3.7458608150482178 25
1784393640537 3.104215383529663 26
1784393640539 3.5958871841430664 27
1784393640542 3.3736026287078857 28
1784393640544 3.0722501277923584 29
1784393640547 3.110630989074707 30
1784393640550 3.068204879760742 31
1784393640552 2.7036960124969482 32
1784393640554 2.460965633392334 33
1784393640557 2.7091410160064697 34
1784393640559 2.6059415340423584 35
1784393640562 2.316493511199951 36
1784393640564 2.2908880710601807 37
1784393640568 2.6723427772521973 38
1784393640571 2.2648329734802246 39
1784393640574 1.9267646074295044 40
1784393640576 2.231107234954834 41
1784393640579 1.879805088043213 42
1784393640582 2.1835215091705322 43
1784393640585 2.348912239074707 44
1784393640588 1.7340432405471802 45
1784393640591 1.842421054840088 46
1784393640595 1.7865045070648193 47
1784393640598 1.832394003868103 48
1784393640601 1.5941945314407349 49
1784393640604 1.6882396936416626 50
1784393640607 1.8004459142684937 51
1784393640610 1.746816635131836 52
1784393640613 1.6593714952468872 53
1784393640616 1.7541029453277588 54
1784393640618 1.6444122791290283 55
1784393640621 1.4621587991714478 56
1784393640624 1.5093673467636108 57
1784393640627 1.6091936826705933 58
1784393640629 1.448174238204956 59
1784393640632 1.4467071294784546 60
1784393640635 1.3609319925308228 61
1784393640637 1.4380519390106201 62
1784393640640 1.3931363821029663 63
1784393640642 1.216475486755371 64
1784393640645 1.3428964614868164 65
1784393640648 1.2950167655944824 66
1784393640651 1.5107592344284058 67
1784393640654 1.304304838180542 68
1784393640657 1.2838318347930908 69
1784393640660 1.402797818183899 70
1784393640663 1.375046730041504 71
1784393640666 1.3175063133239746 72
1784393640669 1.2811498641967773 73
1784393640672 1.152000904083252 74
1784393640675 1.2300806045532227 75
1784393640678 1.3713269233703613 76
1784393640681 1.2767313718795776 77
1784393640684 1.1801897287368774 78
1784393640687 1.320365071296692 79
1784393640690 1.2896015644073486 80
1784393640692 1.1525537967681885 81
1784393640696 1.2023533582687378 82
1784393640698 1.292693853378296 83
1784393640701 1.0913794040679932 84
1784393640705 1.2512019872665405 85
1784393640707 1.0956103801727295 86
1784393640709 1.2235724925994873 87
1784393640713 1.2101619243621826 88
1784393640715 1.3805698156356812 89
1784393640718 1.0206921100616455 90
1784393640720 1.3767353296279907 91
1784393640722 0.9165184497833252 92
1784393640725 1.133394479751587 93
1784393640728 1.1380794048309326 94
1784393640730 1.1597610712051392 95
1784393640733 1.048862338066101 96
1784393640735 1.429473638534546 97
1784393640738 1.1099679470062256 98
1784393640740 1.0586174726486206 99
1784393640743 1.2035038471221924 100
1784393640745 1.046730637550354 101
1784393640748 0.9426378011703491 102
1784393640751 0.9876512289047241 103
1784393640754 0.9528484344482422 104
1784393640756 0.9306190013885498 105
1784393640759 1.0765522718429565 106
1784393640761 0.8025612235069275 107
1784393640763 0.9973165988922119 108
1784393640766 0.9155385494232178 109
1784393640769 0.9289400577545166 110
1784393640771 0.8842189311981201 111
1784393640774 0.82233726978302 112
1784393640776 0.7466034889221191 113
1784393640779 0.8983662724494934 114
1784393640781 0.9538061618804932 115
1784393640784 0.9739055037498474 116
1784393640786 0.8436660766601562 117
1784393640789 1.0001616477966309 118
1784393640792 1.0321276187896729 119
1784393640794 0.9037539958953857 120
1784393640797 0.9971421957015991 121
1784393640799 1.0925060510635376 122
1784393640801 0.8008543252944946 123
1784393640804 1.1165623664855957 124
1784393640806 0.9661041498184204 125
1784393640809 1.237737774848938 126
1784393640811 0.9843059778213501 127
1784393640814 0.999269962310791 128
1784393640817 0.8731387853622437 129
1784393640819 0.8556692600250244 130
1784393640822 0.8942901492118835 131
1784393640824 0.8886833190917969 132
1784393640827 1.0198462009429932 133
1784393640829 0.7720293402671814 134
1784393640832 0.9725762605667114 135
1784393640834 0.9222750663757324 136
1784393640836 0.9702199101448059 137
1784393640839 0.8749895095825195 138
1784393640841 0.9981472492218018 139
1784393640844 0.8055433034896851 140
1784393640847 0.8600266575813293 141
1784393640849 0.8467418551445007 142
1784393640852 0.8507938981056213 143
1784393640855 0.7460892200469971 144
1784393640857 1.0061722993850708 145
1784393640860 0.7850735187530518 146
1784393640862 0.9417724609375 147
1784393640865 0.946577787399292 148
1784393640868 0.8414700031280518 149
1784393640871 0.8045413494110107 150
1784393640873 0.7441151738166809 151
1784393640876 0.747853696346283 152
1784393640878 0.7680208683013916 153
1784393640881 0.6384322643280029 154
1784393640884 0.6903405785560608 155
1784393640886 0.6839354038238525 156
1784393640889 0.7321005463600159 157
1784393640891 0.6274659633636475 158
1784393640894 0.6428042650222778 159
1784393640896 0.5472204685211182 160
1784393640898 0.5876032114028931 161
1784393640901 0.7027554512023926 162
1784393640903 0.5901515483856201 163
1784393640905 0.6356337666511536 164
1784393640908 0.6061773300170898 165
1784393640910 0.6324610710144043 166
1784393640913 0.6372179388999939 167
1784393640915 0.590111494064331 168
1784393640918 0.6566277742385864 169
1784393640920 0.5926183462142944 170
1784393640923 0.5957432389259338 171
1784393640925 0.6102443933486938 172
1784393640928 0.6659492254257202 173
1784393640931 0.6181806921958923 174
1784393640933 0.6212677955627441 175
1784393640935 0.6903380751609802 176
1784393640938 0.6495169401168823 177
1784393640941 0.6705459952354431 178
1784393640944 0.6730716824531555 179
1784393640946 0.6334319114685059 180
1784393640949 0.6557474732398987 181
1784393640951 0.6884580850601196 182
1784393640954 0.7767243385314941 183
1784393640956 0.6869179606437683 184
1784393640959 0.6836977005004883 185
1784393640961 0.5441121459007263 186
1784393640963 0.5904797315597534 187
1784393640966 0.6780353784561157 188
1784393640968 0.547141432762146 189
1784393640971 0.8264042139053345 190
1784393640974 0.8719509243965149 191
1784393640977 0.7252355813980103 192
1784393640979 0.6657124757766724 193
1784393640982 0.9555792808532715 194
1784393640985 0.6845630407333374 195
1784393640987 0.6857053637504578 196
1784393640990 0.8882084488868713 197
1784393640993 0.7368664145469666 198
1784393640995 0.8752323985099792 199
1784393640998 0.6130186915397644 200
1784393641001 0.8940357565879822 201
1784393641003 0.6916221380233765 202
1784393641006 0.8915731906890869 203
1784393641008 0.7955524325370789 204
1784393641011 0.5870077013969421 205
1784393641013 0.7635937333106995 206
1784393641016 0.6277586221694946 207
1784393641018 0.753959596157074 208
1784393641020 0.591331958770752 209
1784393641023 0.6358067393302917 210
1784393641025 0.6763888001441956 211
1784393641028 0.6596660614013672 212
1784393641030 0.6814074516296387 213
1784393641033 0.5776495933532715 214
1784393641035 0.6036640405654907 215
1784393641037 0.6503728032112122 216
1784393641040 0.6466649770736694 217
1784393641042 0.5492056012153625 218
1784393641045 0.5875319838523865 219
1784393641048 0.5087528228759766 220
1784393641051 0.514591634273529 221
1784393641053 0.6298506259918213 222
1784393641056 0.623386561870575 223
1784393641058 0.5127601623535156 224
1784393641061 0.7240422368049622 225
1784393641064 0.5941480994224548 226
1784393641067 0.7456699013710022 227
1784393641070 0.5704227685928345 228
1784393641073 0.5847909450531006 229
1784393641076 0.5833472609519958 230
1784393641078 0.5731522440910339 231
1784393641081 0.6831845045089722 232
1784393641084 0.5366761684417725 233
1784393641087 0.6268854737281799 234
1784393641089 0.4966524839401245 235
1784393641092 0.6648798584938049 236
1784393641095 0.5456326007843018 237
1784393641097 0.733538031578064 238
1784393641100 0.5884590148925781 239
1784393641102 0.5696309804916382 240
1784393641105 0.5401760935783386 241
1784393641107 0.5072592496871948 242
1784393641110 0.5534653663635254 243
1784393641113 0.46903613209724426 244
1784393641115 0.5289599895477295 245
1784393641117 0.500257670879364 246
1784393641120 0.45896902680397034 247
1784393641122 0.45807114243507385 248
1784393641125 0.47404158115386963 249
1784393641127 0.48084548115730286 250
1784393641130 0.4128057658672333 251
1784393641133 0.4631342887878418 252
1784393641135 0.4217439293861389 253
1784393641137 0.44637516140937805 254
1784393641139 0.3693270683288574 255
1784393641142 0.49564674496650696 256
1784393641144 0.43897807598114014 257
1784393641147 0.445737361907959 258
1784393641149 0.4022502303123474 259
1784393641152 0.44829103350639343 260
1784393641154 0.4286423921585083 261
1784393641157 0.4793616235256195 262
1784393641160 0.5698183178901672 263
1784393641163 0.4538092315196991 264
1784393641165 0.47970879077911377 265
1784393641168 0.4283559322357178 266
1784393641171 0.5395248532295227 267
1784393641174 0.43987584114074707 268
1784393641176 0.5752786993980408 269
1784393641179 0.5299023389816284 270
1784393641181 0.5724644064903259 271
1784393641184 0.5267332792282104 272
1784393641186 0.4647681713104248 273
1784393641189 0.5332147479057312 274
1784393641191 0.5444412231445312 275
1784393641194 0.6777145862579346 276
1784393641197 0.6563125848770142 277
1784393641199 0.5745123624801636 278
1784393641202 0.5482428073883057 279
1784393641205 0.5648782849311829 280
1784393641208 0.6161960959434509 281
1784393641211 0.5345304012298584 282
1784393641214 0.6402736306190491 283
1784393641217 0.4893953800201416 284
1784393641219 0.7349408268928528 285
1784393641222 0.6037368774414062 286
1784393641225 0.6321362257003784 287
1784393641228 0.45279550552368164 288
1784393641230 0.603827714920044 289
1784393641233 0.5182780623435974 290
1784393641235 0.4669530391693115 291
1784393641237 0.48315322399139404 292
1784393641240 0.49116790294647217 293
1784393641243 0.6081026196479797 294
1784393641246 0.5214203596115112 295
1784393641249 0.5349538922309875 296
1784393641252 0.476571649312973 297
1784393641255 0.48237475752830505 298
1784393641258 0.4747890830039978 299
1784393641260 0.4785703420639038 300
1784393641263 0.39692047238349915 301
1784393641266 0.46358680725097656 302
1784393641268 0.4561353921890259 303
1784393641271 0.47302117943763733 304
1784393641274 0.4352761507034302 305
1784393641276 0.36645394563674927 306
1784393641279 0.40777918696403503 307
1784393641281 0.4319108724594116 308
1784393641284 0.42392683029174805 309
1784393641286 0.4487565755844116 310
1784393641289 0.39376744627952576 311
1784393641291 0.4223141074180603 312
1784393641294 0.24016855657100677 313
1784393641296 0.38894641399383545 314
1784393641298 0.361278235912323 315
1784393641301 0.49268099665641785 316
1784393641303 0.4153066873550415 317
1784393641306 0.42510896921157837 318
1784393641308 0.4011543095111847 319
1784393641310 0.37948620319366455 320
1784393641313 0.4685104489326477 321
1784393641316 0.4145701825618744 322
1784393641318 0.4161189794540405 323
1784393641320 0.4445883333683014 324
1784393641323 0.44427254796028137 325
1784393641326 0.36651331186294556 326
1784393641329 0.4150542616844177 327
1784393641332 0.373298317193985 328
1784393641335 0.43594223260879517 329
1784393641337 0.40518897771835327 330
1784393641340 0.567530632019043 331
1784393641343 0.4229293465614319 332
1784393641346 0.4309389889240265 333
1784393641349 0.43115735054016113 334
1784393641351 0.49131664633750916 335
1784393641354 0.4880552291870117 336
1784393641357 0.34293583035469055 337
1784393641359 0.6163873672485352 338
1784393641362 0.4397468864917755 339
1784393641365 0.5829203724861145 340
1784393641368 0.4353700578212738 341
1784393641371 0.6120685935020447 342
1784393641374 0.3579181432723999 343
1784393641376 0.47155436873435974 344
1784393641379 0.33694934844970703 345
1784393641382 0.44157999753952026 346
1784393641385 0.5150526762008667 347
1784393641388 0.38731756806373596 348
1784393641391 0.571357786655426 349
1784393641394 0.4195489287376404 350
1784393641397 0.5299869179725647 351
1784393641399 0.40505656599998474 352
1784393641402 0.45448094606399536 353
1784393641405 0.32498353719711304 354
1784393641407 0.6636924743652344 355
1784393641410 0.3329901099205017 356
1784393641412 0.5375527739524841 357
1784393641415 0.34035271406173706 358
1784393641417 0.36843326687812805 359
1784393641420 0.4072120785713196 360
1784393641423 0.3397205173969269 361
1784393641425 0.2864387035369873 362
1784393641428 0.4561128318309784 363
1784393641432 0.3552049398422241 364
1784393641434 0.3261300027370453 365
1784393641436 0.4019206464290619 366
1784393641439 0.3329089879989624 367
1784393641441 0.5268063545227051 368
1784393641443 0.3504164218902588 369
1784393641446 0.400220662355423 370
1784393641448 0.2866499423980713 371
1784393641451 0.3242928087711334 372
1784393641453 0.2533431947231293 373
1784393641456 0.30537015199661255 374
1784393641459 0.2971309423446655 375
1784393641461 0.28512269258499146 376
1784393641464 0.30320021510124207 377
1784393641466 0.43378251791000366 378
1784393641469 0.2866550087928772 379
1784393641472 0.42829376459121704 380
1784393641474 0.5197800397872925 381
1784393641477 0.4369855523109436 382
1784393641479 0.5115709900856018 383
1784393641482 0.422447144985199 384
1784393641484 0.7822600603103638 385
1784393641487 0.5757085084915161 386
1784393641490 0.6168955564498901 387
1784393641492 0.7145042419433594 388
1784393641495 0.5018619298934937 389
1784393641498 0.5886775255203247 390
1784393641500 0.417558491230011 391
1784393641503 0.42264440655708313 392
1784393641505 0.4763718247413635 393
1784393641508 0.32963085174560547 394
1784393641510 0.47175487875938416 395
1784393641513 0.4113973081111908 396
1784393641515 0.3859247863292694 397
1784393641517 0.46853190660476685 398
1784393641520 0.4766117334365845 399
1784393641522 0.4047395586967468 400
1784393641525 0.4210350811481476 401
1784393641528 0.46632733941078186 402
1784393641531 0.28605279326438904 403
1784393641533 0.34097763895988464 404
1784393641536 0.3197675943374634 405
1784393641539 0.2884860634803772 406
1784393641541 0.3634294867515564 407
1784393641544 0.316913902759552 408
1784393641547 0.2532840967178345 409
1784393641550 0.3110693395137787 410
1784393641552 0.2333061397075653 411
1784393641555 0.30522826313972473 412
1784393641557 0.23923440277576447 413
1784393641560 0.36193931102752686 414
1784393641563 0.35639458894729614 415
1784393641566 0.2989676296710968 416
1784393641569 0.49762848019599915 417
1784393641571 0.380843847990036 418
1784393641574 0.47263574600219727 419
1784393641576 0.47723132371902466 420
1784393641579 0.3695082664489746 421
1784393641581 0.4963032603263855 422
1784393641583 0.3854106664657593 423
1784393641586 0.6244671940803528 424
1784393641588 0.48487526178359985 425
1784393641591 0.5550466775894165 426
1784393641593 0.4254053831100464 427
1784393641595 0.7428357005119324 428
1784393641598 0.4995794892311096 429
1784393641600 0.6881818771362305 430
1784393641604 0.725766122341156 431
1784393641606 0.4323672354221344 432
1784393641609 0.6194139719009399 433
1784393641612 0.3204813599586487 434
1784393641614 0.5406965017318726 435
1784393641617 0.41110244393348694 436
1784393641619 0.5575857162475586 437
1784393641622 0.36915507912635803 438
1784393641624 0.5452967286109924 439
1784393641627 0.3203548491001129 440
1784393641629 0.6194890737533569 441
1784393641631 0.5134687423706055 442
1784393641634 0.4622797667980194 443
1784393641636 0.4754674434661865 444
1784393641639 0.51197350025177 445
1784393641641 0.45937737822532654 446
1784393641644 0.4157792329788208 447
1784393641646 0.4210715889930725 448
1784393641649 0.3793082535266876 449
1784393641651 0.3477467894554138 450
1784393641654 0.3741256892681122 451
1784393641656 0.3359210789203644 452
1784393641659 0.3392687737941742 453
1784393641661 0.305808961391449 454
1784393641664 0.3872877359390259 455
1784393641666 0.4241085350513458 456
1784393641669 0.39623531699180603 457
1784393641671 0.4541622996330261 458
1784393641674 0.4082784354686737 459
1784393641676 0.3896389603614807 460
1784393641679 0.36451518535614014 461
1784393641682 0.49123135209083557 462
1784393641684 0.32466989755630493 463
1784393641687 0.45212313532829285 464
1784393641690 0.37167179584503174 465
1784393641692 0.5087742805480957 466
1784393641695 0.36708933115005493 467
1784393641697 0.4280746281147003 468
1784393641700 0.39298439025878906 469
1784393641703 0.3595595061779022 470
1784393641705 0.3219655752182007 471
1784393641708 0.3459835350513458 472
1784393641710 0.4132714867591858 473
1784393641713 0.32277143001556396 474
1784393641716 0.3583860993385315 475
1784393641719 0.3398413360118866 476
1784393641721 0.3376026153564453 477
1784393641724 0.3801342248916626 478
1784393641727 0.38636794686317444 479
1784393641730 0.28976085782051086 480
1784393641733 0.3285216987133026 481
1784393641735 0.36577320098876953 482
1784393641738 0.42562466859817505 483
1784393641740 0.43195000290870667 484
1784393641743 0.4208392798900604 485
1784393641746 0.6003348231315613 486
1784393641749 0.481239914894104 487
1784393641752 0.5562586188316345 488
1784393641754 0.46318089962005615 489
1784393641757 0.42322850227355957 490
1784393641759 0.49503201246261597 491
1784393641762 0.307610422372818 492
1784393641764 0.40960824489593506 493
1784393641767 0.34090450406074524 494
1784393641770 0.3170712888240814 495
1784393641773 0.2870078682899475 496
1784393641775 0.36009323596954346 497
1784393641777 0.3302440345287323 498
1784393641780 0.2965449392795563 499
1784393641783 0.2918025553226471 500
1784393641785 0.35804179310798645 501
1784393641788 0.3815246820449829 502
1784393641790 0.3240918219089508 503
1784393641793 0.29119938611984253 504
1784393641795 0.2918471693992615 505
1784393641797 0.2828516364097595 506
1784393641800 0.3495728373527527 507
1784393641802 0.22285161912441254 508
1784393641805 0.34839582443237305 509
1784393641807 0.3531446158885956 510
1784393641810 0.3177262246608734 511
1784393641812 0.2759566009044647 512
1784393641814 0.2685640752315521 513
1784393641817 0.36248236894607544 514
1784393641819 0.27655503153800964 515
1784393641822 0.25858718156814575 516
1784393641824 0.2372131496667862 517
1784393641827 0.30047231912612915 518
1784393641829 0.25108814239501953 519
1784393641832 0.2658059597015381 520
1784393641834 0.2995184659957886 521
1784393641836 0.25420600175857544 522
1784393641839 0.3092605173587799 523
1784393641842 0.2845005691051483 524
1784393641845 0.4548487365245819 525
1784393641848 0.27270424365997314 526
1784393641850 0.31962430477142334 527
1784393641853 0.4170469641685486 528
1784393641855 0.44509488344192505 529
1784393641858 0.39172276854515076 530
1784393641861 0.3820234537124634 531
1784393641867 0.31837356090545654 532
1784393641870 0.3084997534751892 533
1784393641873 0.36275580525398254 534
1784393641875 0.3372828960418701 535
1784393641877 0.3492499887943268 536
1784393641880 0.28437232971191406 537
1784393641883 0.20468121767044067 538
1784393641885 0.2568454146385193 539
1784393641888 0.21135570108890533 540
1784393641891 0.2421540915966034 541
1784393641893 0.21253231167793274 542
1784393641896 0.24676373600959778 543
1784393641898 0.22330617904663086 544
1784393641901 0.2663736343383789 545
1784393641904 0.24904181063175201 546
1784393641907 0.2961459159851074 547
1784393641909 0.260102778673172 548
1784393641912 0.16901728510856628 549
1784393641915 0.24961210787296295 550
1784393641917 0.1804848611354828 551
1784393641920 0.27281391620635986 552
1784393641923 0.22340914607048035 553
1784393641926 0.2411269247531891 554
1784393641928 0.24773575365543365 555
1784393641931 0.20799696445465088 556
1784393641933 0.2641349732875824 557
1784393641936 0.4736536145210266 558
1784393641938 0.37005093693733215 559
1784393641941 0.5270459651947021 560
1784393641943 0.4209420680999756 561
1784393641946 0.507156252861023 562
1784393641948 0.527829647064209 563
1784393641951 0.42494720220565796 564
1784393641953 0.3370387554168701 565
1784393641955 0.43434709310531616 566
1784393641957 0.41646793484687805 567
1784393641959 0.44892942905426025 568
1784393641962 0.3254286050796509 569
1784393641965 0.43724387884140015 570
1784393641968 0.4043005406856537 571
1784393641971 0.41909122467041016 572
1784393641973 0.3442552089691162 573
1784393641975 0.4277867078781128 574
1784393641978 0.41225239634513855 575
1784393641981 0.36714163422584534 576
1784393641983 0.3274601101875305 577
1784393641987 0.3344101309776306 578
1784393641990 0.2521578073501587 579
1784393641993 0.3215698003768921 580
1784393641996 0.2574446201324463 581
1784393641998 0.3178309500217438 582
1784393642000 0.34444689750671387 583
1784393642003 0.22317126393318176 584
1784393642006 0.301498681306839 585
1784393642008 0.23366966843605042 586
1784393642011 0.254947304725647 587
1784393642013 0.22070546448230743 588
1784393642016 0.26862090826034546 589
1784393642018 0.18208390474319458 590
1784393642021 0.2844995856285095 591
1784393642024 0.22474220395088196 592
1784393642027 0.27973121404647827 593
1784393642030 0.237300306558609 594
1784393642032 0.3727690279483795 595
1784393642035 0.30575963854789734 596
1784393642037 0.3354097008705139 597
1784393642040 0.31967872381210327 598
1784393642043 0.30315619707107544 599
1784393642045 0.37100115418434143 600
1784393642048 0.3129368722438812 601
1784393642051 0.49220940470695496 602
1784393642054 0.3777312934398651 603
1784393642056 0.4063606262207031 604
1784393642059 0.33031466603279114 605
1784393642061 0.4133102595806122 606
1784393642063 0.3922768831253052 607
1784393642066 0.3576459288597107 608
1784393642068 0.4467986226081848 609
1784393642071 0.4959610104560852 610
1784393642073 0.36653050780296326 611
1784393642076 0.3385583162307739 612
1784393642078 0.3489200174808502 613
1784393642080 0.2761894762516022 614
1784393642083 0.3019479513168335 615
1784393642085 0.21819713711738586 616
1784393642088 0.3190910220146179 617
1784393642091 0.3336886167526245 618
1784393642093 0.23471304774284363 619
1784393642096 0.2995052933692932 620
1784393642098 0.22406786680221558 621
1784393642101 0.2528834342956543 622
1784393642103 0.2830762565135956 623
1784393642106 0.2099909782409668 624
1784393642109 0.1963333934545517 625
1784393642111 0.23745165765285492 626
1784393642114 0.17249327898025513 627
1784393642116 0.2231133133172989 628
1784393642119 0.259939581155777 629
1784393642121 0.21518604457378387 630
1784393642124 0.2705686092376709 631
1784393642127 0.27753946185112 632
1784393642129 0.3033827543258667 633
1784393642132 0.29524824023246765 634
1784393642134 0.22512002289295197 635
1784393642137 0.2443133145570755 636
1784393642140 0.24392065405845642 637
1784393642143 0.20213496685028076 638
1784393642145 0.19400222599506378 639
1784393642148 0.2755436897277832 640
1784393642150 0.24851201474666595 641
1784393642152 0.23246216773986816 642
1784393642155 0.24285227060317993 643
1784393642158 0.2260347604751587 644
1784393642160 0.2201961725950241 645
1784393642163 0.2243487685918808 646
1784393642166 0.291824609041214 647
1784393642169 0.18991892039775848 648
1784393642172 0.26454710960388184 649
1784393642175 0.21965302526950836 650
1784393642177 0.33386871218681335 651
1784393642180 0.24747654795646667 652
1784393642183 0.3880287706851959 653
1784393642186 0.27531516551971436 654
1784393642188 0.40871483087539673 655
1784393642191 0.31841546297073364 656
1784393642194 0.3409048318862915 657
1784393642197 0.2608448266983032 658
1784393642199 0.3625740110874176 659
1784393642201 0.31032538414001465 660
1784393642204 0.31469032168388367 661
1784393642206 0.2658715844154358 662
1784393642209 0.22590985894203186 663
1784393642212 0.3703443109989166 664
1784393642214 0.2366117238998413 665
1784393642217 0.2460332214832306 666
1784393642220 0.24502211809158325 667
1784393642223 0.2073977142572403 668
1784393642226 0.18555499613285065 669
1784393642229 0.2323809266090393 670
1784393642232 0.2465623915195465 671
1784393642235 0.2554386258125305 672
1784393642237 0.253070592880249 673
1784393642240 0.4158172905445099 674
1784393642243 0.2753012478351593 675
1784393642245 0.625554621219635 676
1784393642248 0.4943028688430786 677
1784393642251 0.43104127049446106 678
1784393642254 0.5391724705696106 679
1784393642257 0.3584144711494446 680
1784393642260 0.4353034794330597 681
1784393642263 0.39908432960510254 682
1784393642265 0.42531466484069824 683
1784393642268 0.298640638589859 684
1784393642270 0.44150471687316895 685
1784393642273 0.27558818459510803 686
1784393642275 0.28776100277900696 687
1784393642278 0.273495614528656 688
1784393642280 0.27326539158821106 689
1784393642283 0.2591657340526581 690
1784393642285 0.27713948488235474 691
1784393642288 0.3062804341316223 692
1784393642290 0.21958334743976593 693
1784393642293 0.33452779054641724 694
1784393642295 0.2207733690738678 695
1784393642297 0.38062769174575806 696
1784393642300 0.3106369078159332 697
1784393642303 0.30755311250686646 698
1784393642305 0.2629535496234894 699
1784393642308 0.2920088469982147 700
1784393642311 0.1852160543203354 701
1784393642313 0.3499801754951477 702
1784393642316 0.20871439576148987 703
1784393642319 0.49006325006484985 704
1784393642322 0.341946005821228 705
1784393642324 0.5064703226089478 706
1784393642327 0.4239926338195801 707
1784393642330 0.39166098833084106 708
1784393642332 0.46308964490890503 709
1784393642335 0.23595532774925232 710
1784393642338 0.3043181598186493 711
1784393642340 0.3030524253845215 712
1784393642343 0.2521466016769409 713
1784393642346 0.25194817781448364 714
1784393642348 0.29188379645347595 715
1784393642351 0.2729030251502991 716
1784393642353 0.20840401947498322 717
1784393642356 0.4033922851085663 718
1784393642358 0.26094236969947815 719
1784393642360 0.4336146116256714 720
1784393642363 0.24673998355865479 721
1784393642365 0.4585265517234802 722
1784393642368 0.26886001229286194 723
1784393642370 0.5782140493392944 724
1784393642373 0.454982727766037 725
1784393642375 0.4062471389770508 726
1784393642378 0.5604183673858643 727
1784393642380 0.3525072932243347 728
1784393642382 0.4164928197860718 729
1784393642385 0.35183218121528625 730
1784393642387 0.4406605362892151 731
1784393642390 0.25649094581604004 732
1784393642393 0.5596784353256226 733
1784393642395 0.42558014392852783 734
1784393642398 0.37129926681518555 735
1784393642401 0.3873929977416992 736
1784393642404 0.3398030996322632 737
1784393642406 0.5054906010627747 738
1784393642409 0.3017214834690094 739
1784393642412 0.3928525447845459 740
1784393642414 0.3128521740436554 741
1784393642417 0.37373408675193787 742
1784393642419 0.2178564816713333 743
1784393642422 0.29070207476615906 744
1784393642425 0.1675155758857727 745
1784393642428 0.22249287366867065 746
1784393642430 0.22733737528324127 747
1784393642432 0.24192935228347778 748
1784393642435 0.18229703605175018 749
1784393642437 0.291490763425827 750
1784393642440 0.2061791718006134 751
1784393642443 0.24104487895965576 752
1784393642445 0.237687349319458 753
1784393642448 0.25372809171676636 754
1784393642451 0.24876171350479126 755
1784393642454 0.2106378972530365 756
1784393642456 0.19894491136074066 757
1784393642459 0.2808609902858734 758
1784393642462 0.247987762093544 759
1784393642465 0.24661630392074585 760
1784393642467 0.35851651430130005 761
1784393642470 0.2430768758058548 762
1784393642473 0.3823753893375397 763
1784393642475 0.2470405399799347 764
1784393642478 0.3777536451816559 765
1784393642480 0.24433273077011108 766
1784393642484 0.41312968730926514 767
1784393642486 0.34969592094421387 768
1784393642489 0.329444020986557 769
1784393642492 0.31117531657218933 770
1784393642494 0.2997955083847046 771
1784393642497 0.35122618079185486 772
1784393642499 0.29548296332359314 773
1784393642502 0.3165726661682129 774
1784393642505 0.269103467464447 775
1784393642507 0.35206151008605957 776
1784393642509 0.3017100989818573 777
1784393642512 0.27459749579429626 778
1784393642514 0.37855416536331177 779
1784393642516 0.22322657704353333 780
1784393642519 0.5274255871772766 781
1784393642521 0.45836660265922546 782
1784393642523 0.33677923679351807 783
1784393642526 0.4655909240245819 784
1784393642529 0.2835911512374878 785
1784393642532 0.3592267632484436 786
1784393642535 0.3351728320121765 787
1784393642538 0.41310611367225647 788
1784393642540 0.23984937369823456 789
1784393642543 0.4523887634277344 790
1784393642546 0.26463091373443604 791
1784393642548 0.47584742307662964 792
1784393642551 0.352521151304245 793
1784393642553 0.34951460361480713 794
1784393642557 0.4578796923160553 795
1784393642559 0.2932380437850952 796
1784393642562 0.32424888014793396 797
1784393642564 0.25518304109573364 798
1784393642566 0.32500818371772766 799
1784393642569 0.28386160731315613 800
1784393642571 0.39395034313201904 801
1784393642574 0.27677127718925476 802
1784393642577 0.31370311975479126 803
1784393642579 0.3258439898490906 804
1784393642582 0.3530876934528351 805
1784393642584 0.2275398224592209 806
1784393642587 0.18371200561523438 807
1784393642590 0.28636711835861206 808
1784393642592 0.2571328282356262 809
1784393642595 0.1949234902858734 810
1784393642598 0.24469289183616638 811
1784393642601 0.27441278100013733 812
1784393642604 0.2188192754983902 813
1784393642607 0.21758203208446503 814
1784393642610 0.23087871074676514 815
1784393642612 0.19724920392036438 816
1784393642614 0.24449871480464935 817
1784393642617 0.20509564876556396 818
1784393642619 0.18939238786697388 819
1784393642622 0.2162160873413086 820
1784393642625 0.2764102518558502 821
1784393642627 0.16261260211467743 822
1784393642630 0.2531549036502838 823
1784393642633 0.2841240167617798 824
1784393642636 0.1912447214126587 825
1784393642638 0.2786533832550049 826
1784393642641 0.2392885833978653 827
1784393642643 0.31723639369010925 828
1784393642646 0.2907937169075012 829
1784393642648 0.29056766629219055 830
1784393642651 0.2025994509458542 831
1784393642653 0.21717673540115356 832
1784393642655 0.3265228271484375 833
1784393642658 0.18277816474437714 834
1784393642660 0.2193675935268402 835
1784393642663 0.28443965315818787 836
1784393642666 0.17722931504249573 837
1784393642668 0.21478582918643951 838
1784393642671 0.2501085102558136 839
1784393642674 0.15516749024391174 840
1784393642677 0.2614240348339081 841
1784393642679 0.2195899486541748 842
1784393642681 0.24418270587921143 843
1784393642684 0.24068328738212585 844
1784393642687 0.21622779965400696 845
1784393642690 0.25884854793548584 846
1784393642693 0.2261517196893692 847
1784393642696 0.24916835129261017 848
1784393642699 0.21877062320709229 849
1784393642702 0.2814709544181824 850
1784393642705 0.26144319772720337 851
1784393642708 0.21448495984077454 852
1784393642711 0.21777762472629547 853
1784393642714 0.23419895768165588 854
1784393642717 0.17579695582389832 855
1784393642719 0.24903535842895508 856
1784393642722 0.20759598910808563 857
1784393642725 0.19131611287593842 858
1784393642727 0.26080647110939026 859
1784393642730 0.24833400547504425 860
1784393642733 0.2215513288974762 861
1784393642735 0.22681927680969238 862
1784393642738 0.2501034140586853 863
1784393642740 0.23495320975780487 864
1784393642742 0.25155431032180786 865
1784393642745 0.25778692960739136 866
1784393642747 0.28057146072387695 867
1784393642750 0.31490573287010193 868
1784393642752 0.24991406500339508 869
1784393642754 0.3355746567249298 870
1784393642757 0.2839055359363556 871
1784393642759 0.34028831124305725 872
1784393642762 0.2913166880607605 873
1784393642764 0.322700172662735 874
1784393642767 0.31823205947875977 875
1784393642769 0.25579965114593506 876
1784393642772 0.23955127596855164 877
1784393642774 0.2994672954082489 878
1784393642776 0.2773059606552124 879
1784393642779 0.1707465797662735 880
1784393642781 0.27926021814346313 881
1784393642783 0.2804776430130005 882
1784393642786 0.23745940625667572 883
1784393642788 0.2697939872741699 884
1784393642791 0.22980524599552155 885
1784393642794 0.1772788166999817 886
1784393642796 0.21483734250068665 887
1784393642799 0.2569177448749542 888
1784393642801 0.29197797179222107 889
1784393642804 0.22406846284866333 890
1784393642806 0.36638084053993225 891
1784393642809 0.3043544590473175 892
1784393642811 0.2604209780693054 893
1784393642813 0.238961324095726 894
1784393642816 0.21910680830478668 895
1784393642818 0.29994285106658936 896
1784393642820 0.22895249724388123 897
1784393642823 0.2800776958465576 898
1784393642825 0.19315169751644135 899
1784393642828 0.3619455099105835 900
1784393642830 0.24717019498348236 901
1784393642832 0.3705383837223053 902
1784393642835 0.40007030963897705 903
1784393642838 0.38164713978767395 904
1784393642841 0.20075449347496033 905
1784393642843 0.30257290601730347 906
1784393642846 0.20760788023471832 907
1784393642849 0.2772584855556488 908
1784393642851 0.23719820380210876 909
1784393642854 0.28180113434791565 910
1784393642857 0.22189182043075562 911
1784393642859 0.2680443525314331 912
1784393642862 0.2767195999622345 913
1784393642865 0.22996677458286285 914
1784393642867 0.1600017547607422 915
1784393642870 0.21387501060962677 916
1784393642873 0.2067413479089737 917
1784393642876 0.14463843405246735 918
1784393642878 0.21501117944717407 919
1784393642881 0.1939520239830017 920
1784393642884 0.2309180498123169 921
1784393642886 0.3234397768974304 922
1784393642889 0.26070737838745117 923
1784393642891 0.24299469590187073 924
1784393642894 0.3319510221481323 925
1784393642897 0.2541334629058838 926
1784393642900 0.3322834074497223 927
1784393642903 0.3904353380203247 928
1784393642905 0.3985666036605835 929
1784393642908 0.19504116475582123 930
1784393642911 0.36608830094337463 931
1784393642913 0.32610616087913513 932
1784393642916 0.3535521328449249 933
1784393642918 0.2560778260231018 934
1784393642921 0.3075728416442871 935
1784393642924 0.23166775703430176 936
1784393642927 0.3511350154876709 937
1784393642930 0.2017604410648346 938
1784393642932 0.4471941292285919 939
1784393642935 0.39715373516082764 940
1784393642938 0.32970136404037476 941
1784393642941 0.348080575466156 942
1784393642943 0.32729896903038025 943
1784393642946 0.4022057056427002 944
1784393642949 0.3116196095943451 945
1784393642952 0.4443610906600952 946
1784393642955 0.2681986391544342 947
1784393642957 0.41838136315345764 948
1784393642960 0.27933135628700256 949
1784393642963 0.40679964423179626 950
1784393642966 0.5448814034461975 951
1784393642970 0.23226389288902283 952
1784393642972 0.4150133728981018 953
1784393642975 0.26616984605789185 954
1784393642977 0.3759778141975403 955
1784393642980 0.412108838558197 956
1784393642982 0.34001630544662476 957
1784393642985 0.4479926526546478 958
1784393642988 0.24855780601501465 959
1784393642990 0.3894015848636627 960
1784393642993 0.31622710824012756 961
1784393642995 0.3181079626083374 962
1784393642997 0.26305845379829407 963
1784393643000 0.3982865810394287 964
1784393643003 0.36801114678382874 965
1784393643005 0.1795566827058792 966
1784393643008 0.332174688577652 967
1784393643010 0.2855451703071594 968
1784393643013 0.338384211063385 969
1784393643015 0.3807481527328491 970
1784393643018 0.2546589970588684 971
1784393643020 0.2702430188655853 972
1784393643023 0.2814759314060211 973
1784393643025 0.300787091255188 974
1784393643028 0.18064935505390167 975
1784393643031 0.2865121066570282 976
1784393643033 0.22136856615543365 977
1784393643036 0.29661962389945984 978
1784393643039 0.20719531178474426 979
1784393643042 0.294430673122406 980
1784393643045 0.20863933861255646 981
1784393643048 0.15929439663887024 982
1784393643051 0.28989410400390625 983
1784393643054 0.20850643515586853 984
1784393643057 0.32059067487716675 985
1784393643060 0.27069181203842163 986
1784393643062 0.24825002253055573 987
1784393643065 0.1958843171596527 988
1784393643068 0.3496575355529785 989
1784393643070 0.2597675919532776 990
1784393643073 0.3764718472957611 991
1784393643075 0.3238748610019684 992
1784393643078 0.3095347583293915 993
1784393643080 0.3677895665168762 994
1784393643083 0.21588535606861115 995
1784393643085 0.2668757736682892 996
1784393643088 0.17797735333442688 997
1784393643091 0.37951725721359253 998
1784393643093 0.23410433530807495 999
1784393643095 0.3216298222541809 1000
1784393643098 0.2345162332057953 1001
1784393643100 0.31847476959228516 1002
1784393643103 0.2391354739665985 1003
1784393643105 0.2738266587257385 1004
1784393643109 0.23825646936893463 1005
1784393643111 0.17648553848266602 1006
1784393643114 0.3062174618244171 1007
1784393643116 0.27588361501693726 1008
1784393643119 0.2554504871368408 1009
1784393643122 0.23272638022899628 1010
1784393643124 0.2708417475223541 1011
1784393643127 0.17494261264801025 1012
1784393643129 0.2526332139968872 1013
1784393643132 0.3092067837715149 1014
1784393643135 0.205435648560524 1015
1784393643137 0.2770107388496399 1016
1784393643140 0.2611368000507355 1017
1784393643142 0.2554546594619751 1018
1784393643145 0.2577352821826935 1019
1784393643148 0.3000645935535431 1020
1784393643151 0.1848006248474121 1021
1784393643153 0.24542275071144104 1022
1784393643155 0.2891339659690857 1023
1784393643157 0.19554468989372253 1024
1784393643160 0.2529875636100769 1025
1784393643162 0.29574906826019287 1026
1784393643164 0.24950255453586578 1027
1784393643167 0.2206028699874878 1028
1784393643170 0.2503344714641571 1029
1784393643172 0.2239585965871811 1030
1784393643175 0.22658444941043854 1031
1784393643178 0.23810768127441406 1032
1784393643181 0.1925278902053833 1033
1784393643183 0.19101712107658386 1034
1784393643186 0.22997519373893738 1035
1784393643189 0.22867287695407867 1036
1784393643191 0.2797905206680298 1037
1784393643194 0.18821683526039124 1038
1784393643197 0.23180437088012695 1039
1784393643199 0.2823973298072815 1040
1784393643201 0.2615818679332733 1041
1784393643204 0.27182045578956604 1042
1784393643207 0.22685275971889496 1043
1784393643209 0.2369944006204605 1044
1784393643212 0.2975935935974121 1045
1784393643214 0.24632158875465393 1046
1784393643217 0.2608688473701477 1047
1784393643219 0.26290473341941833 1048
1784393643221 0.2243240922689438 1049
1784393643224 0.2341567575931549 1050
1784393643226 0.2943047881126404 1051
1784393643229 0.20598465204238892 1052
1784393643231 0.20020022988319397 1053
1784393643234 0.2215992659330368 1054
1784393643236 0.18538275361061096 1055
1784393643239 0.21273034811019897 1056
1784393643242 0.24878305196762085 1057
1784393643244 0.17048099637031555 1058
1784393643247 0.19954796135425568 1059
1784393643250 0.22612226009368896 1060
1784393643252 0.25091734528541565 1061
1784393643255 0.17970213294029236 1062
1784393643258 0.2077491730451584 1063
1784393643261 0.19981680810451508 1064
1784393643263 0.17623478174209595 1065
1784393643267 0.22498372197151184 1066
1784393643269 0.1518506109714508 1067
1784393643272 0.16592226922512054 1068
1784393643275 0.175847589969635 1069
1784393643277 0.16052335500717163 1070
1784393643280 0.14032283425331116 1071
1784393643283 0.15440118312835693 1072
1784393643285 0.16260689496994019 1073
1784393643288 0.13889849185943604 1074
1784393643291 0.17581306397914886 1075
1784393643293 0.18006744980812073 1076
1784393643296 0.1364171802997589 1077
1784393643299 0.19314302504062653 1078
1784393643302 0.16048991680145264 1079
1784393643304 0.17415525019168854 1080
1784393643307 0.2259271740913391 1081
1784393643310 0.16008108854293823 1082
1784393643312 0.18361814320087433 1083
1784393643315 0.16383783519268036 1084
1784393643317 0.20891711115837097 1085
1784393643320 0.15676012635231018 1086
1784393643322 0.1338423490524292 1087
1784393643325 0.17223073542118073 1088
1784393643328 0.19428372383117676 1089
1784393643331 0.18034228682518005 1090
1784393643333 0.19284875690937042 1091
1784393643335 0.1839887797832489 1092
1784393643338 0.12495866417884827 1093
1784393643340 0.16754309833049774 1094
1784393643342 0.21864065527915955 1095
1784393643345 0.12931865453720093 1096
1784393643348 0.23153391480445862 1097
1784393643351 0.2728422284126282 1098
1784393643353 0.13743436336517334 1099
1784393643356 0.18170493841171265 1100
1784393643359 0.20899179577827454 1101
1784393643361 0.16712254285812378 1102
1784393643364 0.1768956035375595 1103
1784393643366 0.3097034990787506 1104
1784393643369 0.16914868354797363 1105
1784393643371 0.23789091408252716 1106
1784393643374 0.18365846574306488 1107
1784393643376 0.11507582664489746 1108
1784393643378 0.22627121210098267 1109
1784393643381 0.1617208570241928 1110
1784393643384 0.22260411083698273 1111
1784393643387 0.2143690437078476 1112
1784393643389 0.17473776638507843 1113
1784393643392 0.22662454843521118 1114
1784393643394 0.16352662444114685 1115
1784393643396 0.2080240696668625 1116
1784393643399 0.1871672421693802 1117
1784393643401 0.13875919580459595 1118
1784393643403 0.2228480875492096 1119
1784393643406 0.15973590314388275 1120
1784393643409 0.1822611540555954 1121
1784393643412 0.16147059202194214 1122
1784393643414 0.11836349964141846 1123
1784393643417 0.17994388937950134 1124
1784393643419 0.15075621008872986 1125
1784393643422 0.14142657816410065 1126
1784393643425 0.11931879818439484 1127
1784393643428 0.1620500385761261 1128
1784393643430 0.21592651307582855 1129
1784393643433 0.15312530100345612 1130
1784393643436 0.23037773370742798 1131
1784393643438 0.1623522937297821 1132
1784393643440 0.19220663607120514 1133
1784393643443 0.2867938280105591 1134
1784393643446 0.2563839852809906 1135
1784393643448 0.22083574533462524 1136
1784393643450 0.26130831241607666 1137
1784393643453 0.23469045758247375 1138
1784393643455 0.22957998514175415 1139
1784393643458 0.1825133115053177 1140
1784393643460 0.18998925387859344 1141
1784393643463 0.22054724395275116 1142
1784393643465 0.14226630330085754 1143
1784393643468 0.3232402205467224 1144
1784393643470 0.2741025686264038 1145
1784393643473 0.25975897908210754 1146
1784393643475 0.16910745203495026 1147
1784393643478 0.30380862951278687 1148
1784393643480 0.31502848863601685 1149
1784393643482 0.17386460304260254 1150
1784393643485 0.22623291611671448 1151
1784393643487 0.21909701824188232 1152
1784393643490 0.20607790350914001 1153
1784393643493 0.2346305400133133 1154
1784393643496 0.16204726696014404 1155
1784393643498 0.20073163509368896 1156
1784393643501 0.27553316950798035 1157
1784393643504 0.27865666151046753 1158
1784393643507 0.17712968587875366 1159
1784393643510 0.21114066243171692 1160
1784393643512 0.2318071722984314 1161
1784393643515 0.2102389931678772 1162
1784393643518 0.18447668850421906 1163
1784393643521 0.21290376782417297 1164
1784393643523 0.18359127640724182 1165
1784393643526 0.13192056119441986 1166
1784393643529 0.1675950437784195 1167
1784393643532 0.22204440832138062 1168
1784393643535 0.19717498123645782 1169
1784393643538 0.16176481544971466 1170
1784393643540 0.1454593539237976 1171
1784393643543 0.17635756731033325 1172
1784393643546 0.18357211351394653 1173
1784393643549 0.14023412764072418 1174
1784393643552 0.1612357348203659 1175
1784393643555 0.24806247651576996 1176
1784393643557 0.2165123075246811 1177
1784393643560 0.13854166865348816 1178
1784393643562 0.23622727394104004 1179
1784393643565 0.25777679681777954 1180
1784393643568 0.20690834522247314 1181
1784393643570 0.1692020446062088 1182
1784393643573 0.26215964555740356 1183
1784393643575 0.18268544971942902 1184
1784393643578 0.2238699495792389 1185
1784393643581 0.2488492727279663 1186
1784393643583 0.21225781738758087 1187
1784393643586 0.2198142558336258 1188
1784393643589 0.2251763641834259 1189
1784393643591 0.23345397412776947 1190
1784393643594 0.27145060896873474 1191
1784393643597 0.23995663225650787 1192
1784393643599 0.16638997197151184 1193
1784393643601 0.3026364743709564 1194
1784393643604 0.2796928286552429 1195
1784393643606 0.1939210295677185 1196
1784393643609 0.24524900317192078 1197
1784393643612 0.2719757556915283 1198
1784393643615 0.26150432229042053 1199
1784393643617 0.22677266597747803 1200
1784393643619 0.22248253226280212 1201
1784393643621 0.2414586842060089 1202
1784393643624 0.22366993129253387 1203
1784393643626 0.1966436803340912 1204
1784393643629 0.1938191056251526 1205
1784393643631 0.1836090385913849 1206
1784393643634 0.18417921662330627 1207
1784393643636 0.17483946681022644 1208
1784393643638 0.13805361092090607 1209
1784393643641 0.15806730091571808 1210
1784393643644 0.2137344479560852 1211
1784393643646 0.13255833089351654 1212
1784393643649 0.14193354547023773 1213
1784393643651 0.16571927070617676 1214
1784393643654 0.12853381037712097 1215
1784393643656 0.1382836401462555 1216
1784393643659 0.1429886519908905 1217
1784393643661 0.14988864958286285 1218
1784393643664 0.21180425584316254 1219
1784393643667 0.1564602106809616 1220
1784393643669 0.24135637283325195 1221
1784393643672 0.2279042750597 1222
1784393643674 0.2573920488357544 1223
1784393643677 0.18727727234363556 1224
1784393643679 0.32363542914390564 1225
1784393643682 0.18758916854858398 1226
1784393643685 0.34399035573005676 1227
1784393643687 0.3158811628818512 1228
1784393643692 0.35068196058273315 1229
1784393643695 0.25081345438957214 1230
1784393643698 0.28178778290748596 1231
1784393643701 0.3899275064468384 1232
1784393643704 0.14263202250003815 1233
1784393643707 0.3356575667858124 1234
1784393643710 0.2392514944076538 1235
1784393643712 0.3033098876476288 1236
1784393643716 0.2642063796520233 1237
1784393643718 0.31704121828079224 1238
1784393643721 0.32120293378829956 1239
1784393643723 0.16919419169425964 1240
1784393643726 0.29583972692489624 1241
1784393643729 0.2033257782459259 1242
1784393643732 0.2293216437101364 1243
1784393643735 0.17016084492206573 1244
1784393643737 0.2577335834503174 1245
1784393643740 0.1384706199169159 1246
1784393643743 0.16295549273490906 1247
1784393643746 0.19337382912635803 1248
1784393643748 0.15724623203277588 1249
1784393643751 0.15069761872291565 1250
1784393643754 0.19232967495918274 1251
1784393643756 0.12114259600639343 1252
1784393643758 0.18319515883922577 1253
1784393643761 0.16247119009494781 1254
1784393643764 0.12298500537872314 1255
1784393643766 0.17063307762145996 1256
1784393643768 0.12178337574005127 1257
1784393643771 0.24120402336120605 1258
1784393643773 0.18557825684547424 1259
1784393643776 0.18547867238521576 1260
1784393643778 0.20443159341812134 1261
1784393643781 0.16994526982307434 1262
1784393643783 0.2094525694847107 1263
1784393643786 0.22536097466945648 1264
1784393643789 0.25000137090682983 1265
1784393643792 0.23018279671669006 1266
1784393643794 0.24676474928855896 1267
1784393643796 0.19116179645061493 1268
1784393643799 0.21959282457828522 1269
1784393643801 0.20586203038692474 1270
1784393643804 0.2262677401304245 1271
1784393643806 0.19130784273147583 1272
1784393643809 0.2684395909309387 1273
1784393643811 0.23715539276599884 1274
1784393643814 0.24828284978866577 1275
1784393643816 0.22497767210006714 1276
1784393643819 0.23509818315505981 1277
1784393643821 0.17732766270637512 1278
1784393643824 0.3459126353263855 1279
1784393643827 0.18703073263168335 1280
1784393643830 0.3020719587802887 1281
1784393643833 0.2850988507270813 1282
1784393643836 0.27170199155807495 1283
1784393643839 0.13646507263183594 1284
1784393643842 0.249597430229187 1285
1784393643845 0.17046600580215454 1286
1784393643848 0.254789263010025 1287
1784393643850 0.15363790094852448 1288
1784393643853 0.25785139203071594 1289
1784393643856 0.153522327542305 1290
1784393643859 0.2152450531721115 1291
1784393643861 0.165534108877182 1292
1784393643863 0.255363404750824 1293
1784393643866 0.1963444948196411 1294
1784393643869 0.25812315940856934 1295
1784393643872 0.21532781422138214 1296
1784393643874 0.2606216073036194 1297
1784393643877 0.33286312222480774 1298
1784393643880 0.16939261555671692 1299
1784393643882 0.2634018659591675 1300
1784393643886 0.22051982581615448 1301
1784393643889 0.22529494762420654 1302
1784393643891 0.16788330674171448 1303
1784393643893 0.2495749294757843 1304
1784393643896 0.18517065048217773 1305
1784393643898 0.26809850335121155 1306
1784393643900 0.26102280616760254 1307
1784393643903 0.22321100533008575 1308
1784393643906 0.1708783209323883 1309
1784393643909 0.2371060699224472 1310
1784393643911 0.2712629735469818 1311
1784393643914 0.18840043246746063 1312
1784393643917 0.1844255030155182 1313
1784393643919 0.189326211810112 1314
1784393643922 0.20302525162696838 1315
1784393643925 0.22627724707126617 1316
1784393643928 0.1704655885696411 1317
1784393643930 0.1675838679075241 1318
1784393643933 0.19284510612487793 1319
1784393643936 0.15165629982948303 1320
1784393643939 0.1717742681503296 1321
1784393643941 0.19311228394508362 1322
1784393643943 0.13469621539115906 1323
1784393643946 0.14705869555473328 1324
1784393643950 0.13426178693771362 1325
1784393643952 0.1336013376712799 1326
1784393643954 0.1626526415348053 1327
1784393643957 0.13529826700687408 1328
1784393643959 0.1582532674074173 1329
1784393643962 0.1352037787437439 1330
1784393643965 0.14735107123851776 1331
1784393643968 0.1882515400648117 1332
1784393643970 0.12935708463191986 1333
1784393643973 0.19676661491394043 1334
1784393643976 0.16247884929180145 1335
1784393643978 0.1555638313293457 1336
1784393643982 0.174321711063385 1337
1784393643984 0.17509253323078156 1338
1784393643987 0.25605708360671997 1339
1784393643990 0.23293381929397583 1340
1784393643992 0.19572103023529053 1341
1784393643995 0.17714577913284302 1342
1784393643997 0.18698786199092865 1343
1784393644000 0.1214636042714119 1344
1784393644003 0.1881919503211975 1345
1784393644006 0.16978494822978973 1346
1784393644009 0.11522150039672852 1347
1784393644012 0.15887674689292908 1348
1784393644015 0.17873138189315796 1349
1784393644018 0.09918409585952759 1350
1784393644020 0.1844939887523651 1351
1784393644023 0.1345643848180771 1352
1784393644026 0.13971590995788574 1353
1784393644029 0.16027216613292694 1354
1784393644032 0.14084066450595856 1355
1784393644035 0.11204836517572403 1356
1784393644037 0.18558672070503235 1357
1784393644040 0.22406423091888428 1358
1784393644043 0.15788087248802185 1359
1784393644045 0.17591717839241028 1360
1784393644048 0.15817630290985107 1361
1784393644050 0.1888412982225418 1362
1784393644053 0.14854085445404053 1363
1784393644055 0.16100731492042542 1364
1784393644057 0.17273208498954773 1365
1784393644059 0.13546869158744812 1366
1784393644062 0.1530505269765854 1367
1784393644064 0.18027549982070923 1368
1784393644066 0.14699289202690125 1369
1784393644068 0.14207231998443604 1370
1784393644071 0.13933728635311127 1371
1784393644074 0.1325097680091858 1372
1784393644076 0.1637905240058899 1373
1784393644079 0.2012280970811844 1374
1784393644081 0.1396825611591339 1375
1784393644083 0.13806690275669098 1376
1784393644086 0.17873677611351013 1377
1784393644088 0.12040762603282928 1378
1784393644091 0.13057036697864532 1379
1784393644093 0.1398991346359253 1380
1784393644096 0.09344381093978882 1381
1784393644098 0.12433254718780518 1382
1784393644100 0.08674460649490356 1383
1784393644103 0.14093829691410065 1384
1784393644105 0.13364720344543457 1385
1784393644108 0.1392560601234436 1386
1784393644110 0.16144098341464996 1387
1784393644112 0.13953647017478943 1388
1784393644115 0.1947743445634842 1389
1784393644118 0.14740902185440063 1390
1784393644121 0.14324802160263062 1391
1784393644124 0.14083123207092285 1392
1784393644126 0.17618459463119507 1393
1784393644129 0.17658688127994537 1394
1784393644132 0.13633845746517181 1395
1784393644135 0.1428259313106537 1396
1784393644138 0.1610254943370819 1397
1784393644140 0.11621211469173431 1398
1784393644142 0.13111791014671326 1399
1784393644145 0.11548959463834763 1400
1784393644147 0.13327792286872864 1401
1784393644150 0.09066065400838852 1402
1784393644152 0.12883631885051727 1403
1784393644154 0.13019029796123505 1404
1784393644156 0.11973875761032104 1405
1784393644158 0.12229345738887787 1406
1784393644160 0.11118272691965103 1407
1784393644162 0.14552591741085052 1408
1784393644165 0.11648666858673096 1409
1784393644168 0.15388444066047668 1410
1784393644171 0.13229259848594666 1411
1784393644173 0.1804814636707306 1412
1784393644176 0.15052253007888794 1413
1784393644178 0.17007799446582794 1414
1784393644181 0.13983123004436493 1415
1784393644183 0.1857868880033493 1416
1784393644186 0.14613370597362518 1417
1784393644188 0.12230150401592255 1418
1784393644190 0.17139774560928345 1419
1784393644193 0.152900829911232 1420
1784393644195 0.15500646829605103 1421
1784393644198 0.16094417870044708 1422
1784393644200 0.1459629088640213 1423
1784393644203 0.13833272457122803 1424
1784393644206 0.13590997457504272 1425
1784393644209 0.13490842282772064 1426
1784393644211 0.16624736785888672 1427
1784393644213 0.12174133211374283 1428
1784393644216 0.12283612787723541 1429
1784393644218 0.10129667818546295 1430
1784393644220 0.14545512199401855 1431
1784393644222 0.17780958116054535 1432
1784393644225 0.11112795025110245 1433
1784393644228 0.16971734166145325 1434
1784393644231 0.13036388158798218 1435
1784393644233 0.1440548449754715 1436
1784393644236 0.17431285977363586 1437
1784393644238 0.12048710137605667 1438
1784393644240 0.13694381713867188 1439
1784393644243 0.13107985258102417 1440
1784393644245 0.15219388902187347 1441
1784393644248 0.15578188002109528 1442
1784393644250 0.13256429135799408 1443
1784393644252 0.15539981424808502 1444
1784393644255 0.14745956659317017 1445
1784393644258 0.1551317721605301 1446
1784393644261 0.13647021353244781 1447
1784393644263 0.1674528867006302 1448
1784393644265 0.12450120598077774 1449
1784393644268 0.18303513526916504 1450
1784393644270 0.18166790902614594 1451
1784393644273 0.22667375206947327 1452
1784393644275 0.12942945957183838 1453
1784393644278 0.2648910582065582 1454
1784393644280 0.22035330533981323 1455
1784393644283 0.16560499370098114 1456
1784393644286 0.22830867767333984 1457
1784393644288 0.2765597403049469 1458
1784393644291 0.2756520211696625 1459
1784393644294 0.1770092099905014 1460
1784393644297 0.22355632483959198 1461
1784393644299 0.2735323905944824 1462
1784393644302 0.2944090962409973 1463
1784393644305 0.18406705558300018 1464
1784393644307 0.21343275904655457 1465
1784393644310 0.2460605502128601 1466
1784393644313 0.22661712765693665 1467
1784393644316 0.19786715507507324 1468
1784393644318 0.19862234592437744 1469
1784393644321 0.19893796741962433 1470
1784393644324 0.18280281126499176 1471
1784393644327 0.17554497718811035 1472
1784393644329 0.18551883101463318 1473
1784393644333 0.1965615153312683 1474
1784393644335 0.1182798519730568 1475
1784393644338 0.15410253405570984 1476
1784393644341 0.11708556115627289 1477
1784393644344 0.15911343693733215 1478
1784393644350 0.15132690966129303 1479
1784393644353 0.13384075462818146 1480
1784393644356 0.15421909093856812 1481
1784393644359 0.10494871437549591 1482
1784393644361 0.16964194178581238 1483
1784393644364 0.12949837744235992 1484
1784393644366 0.11175357550382614 1485
1784393644369 0.1796131730079651 1486
1784393644371 0.13507135212421417 1487
1784393644373 0.18386399745941162 1488
1784393644376 0.14148961007595062 1489
1784393644379 0.19510716199874878 1490
1784393644382 0.13672539591789246 1491
1784393644384 0.1774679571390152 1492
1784393644387 0.12311962991952896 1493
1784393644390 0.14569494128227234 1494
1784393644393 0.17939306795597076 1495
1784393644396 0.14658808708190918 1496
1784393644399 0.1631186306476593 1497
1784393644401 0.1619405448436737 1498
1784393644403 0.15686997771263123 1499
1784393644406 0.13224077224731445 1500
1784393644409 0.16729433834552765 1501
1784393644411 0.15707921981811523 1502
1784393644413 0.22714225947856903 1503
1784393644416 0.16626398265361786 1504
1784393644418 0.17658859491348267 1505
1784393644420 0.14313994348049164 1506
1784393644423 0.11619016528129578 1507
1784393644426 0.15576067566871643 1508
1784393644428 0.14121881127357483 1509
1784393644431 0.13060937821865082 1510
1784393644433 0.13831008970737457 1511
1784393644436 0.10313533246517181 1512
1784393644438 0.14180779457092285 1513
1784393644440 0.11735733598470688 1514
1784393644443 0.129841148853302 1515
1784393644445 0.14571426808834076 1516
1784393644448 0.1172231137752533 1517
1784393644450 0.12028838694095612 1518
1784393644453 0.0911087915301323 1519
1784393644455 0.13308024406433105 1520
1784393644457 0.13224664330482483 1521
1784393644460 0.09585459530353546 1522
1784393644463 0.174839049577713 1523
1784393644466 0.1495632827281952 1524
1784393644468 0.16488546133041382 1525
1784393644471 0.1469520777463913 1526
1784393644474 0.1380511224269867 1527
1784393644476 0.13677790760993958 1528
1784393644479 0.125131756067276 1529
1784393644482 0.1572781652212143 1530
1784393644485 0.14422261714935303 1531
1784393644487 0.10097244381904602 1532
1784393644489 0.13810528814792633 1533
1784393644492 0.12554574012756348 1534
1784393644495 0.08894044160842896 1535
1784393644498 0.20079655945301056 1536
1784393644500 0.15501242876052856 1537
1784393644503 0.12961390614509583 1538
1784393644506 0.1343681365251541 1539
1784393644510 0.13830643892288208 1540
1784393644512 0.12315645068883896 1541
1784393644515 0.13658113777637482 1542
1784393644517 0.08167030662298203 1543
1784393644520 0.1097463071346283 1544
1784393644522 0.09652698785066605 1545
1784393644524 0.08982858806848526 1546
1784393644527 0.12646056711673737 1547
1784393644529 0.10262873768806458 1548
1784393644532 0.12205427139997482 1549
1784393644534 0.16363978385925293 1550
1784393644537 0.10928341001272202 1551
1784393644539 0.17016610503196716 1552
1784393644541 0.1206708773970604 1553
1784393644544 0.20311546325683594 1554
1784393644547 0.1582043468952179 1555
1784393644549 0.23595838248729706 1556
1784393644552 0.21510134637355804 1557
1784393644554 0.18234439194202423 1558
1784393644557 0.2160937488079071 1559
1784393644559 0.13383109867572784 1560
1784393644562 0.17542731761932373 1561
1784393644564 0.17187289893627167 1562
1784393644567 0.12188949435949326 1563
1784393644570 0.15363110601902008 1564
1784393644572 0.15288397669792175 1565
1784393644575 0.1740788072347641 1566
1784393644578 0.15387389063835144 1567
1784393644580 0.14264115691184998 1568
1784393644583 0.17727437615394592 1569
1784393644586 0.1702858954668045 1570
1784393644589 0.12836354970932007 1571
1784393644591 0.13980229198932648 1572
1784393644594 0.12289851903915405 1573
1784393644596 0.10121957957744598 1574
1784393644599 0.09977404028177261 1575
1784393644602 0.11682656407356262 1576
1784393644604 0.1470455676317215 1577
1784393644607 0.0979071855545044 1578
1784393644610 0.11599693447351456 1579
1784393644613 0.1286989152431488 1580
1784393644616 0.12971541285514832 1581
1784393644619 0.11931044608354568 1582
1784393644622 0.11480004340410233 1583
1784393644626 0.15863136947155 1584
1784393644630 0.14356623589992523 1585
1784393644633 0.1035732626914978 1586
1784393644636 0.14176081120967865 1587
1784393644639 0.11681364476680756 1588
1784393644643 0.12674535810947418 1589
1784393644646 0.1145353689789772 1590
1784393644649 0.13761545717716217 1591
1784393644652 0.11356210708618164 1592
1784393644655 0.11900027096271515 1593
1784393644658 0.1181977316737175 1594
1784393644662 0.13544902205467224 1595
1784393644665 0.1318933665752411 1596
1784393644669 0.11958752572536469 1597
1784393644672 0.12131550163030624 1598
1784393644674 0.16712787747383118 1599
1784393644676 0.20926021039485931 1600
1784393644679 0.14690004289150238 1601
1784393644681 0.17997579276561737 1602
1784393644683 0.20432612299919128 1603
1784393644686 0.13857212662696838 1604
1784393644688 0.154227152466774 1605
1784393644691 0.18354728817939758 1606
1784393644693 0.12436845898628235 1607
1784393644696 0.16182741522789001 1608
1784393644698 0.14630764722824097 1609
1784393644700 0.1667480170726776 1610
1784393644703 0.1485958993434906 1611
1784393644706 0.1169227659702301 1612
1784393644709 0.14062711596488953 1613
1784393644712 0.14217111468315125 1614
1784393644716 0.18967564404010773 1615
1784393644719 0.13333486020565033 1616
1784393644723 0.1914442777633667 1617
1784393644728 0.13514116406440735 1618
1784393644731 0.1315738558769226 1619
1784393644734 0.1609482318162918 1620
1784393644737 0.11817046999931335 1621
1784393644740 0.1250537931919098 1622
1784393644742 0.17283108830451965 1623
1784393644745 0.1235404908657074 1624
1784393644748 0.11033748090267181 1625
1784393644751 0.14353333413600922 1626
1784393644754 0.13851042091846466 1627
1784393644756 0.11309503018856049 1628
1784393644759 0.13295505940914154 1629
1784393644761 0.1365414559841156 1630
1784393644764 0.1063617616891861 1631
1784393644766 0.10637693852186203 1632
1784393644769 0.1471620351076126 1633
1784393644772 0.10484003275632858 1634
1784393644774 0.1589050441980362 1635
1784393644777 0.11068733036518097 1636
1784393644780 0.188947394490242 1637
1784393644783 0.13328063488006592 1638
1784393644787 0.15931664407253265 1639
1784393644790 0.09491978585720062 1640
1784393644794 0.14018972218036652 1641
1784393644797 0.1288406252861023 1642
1784393644802 0.09636157751083374 1643
1784393644805 0.17628228664398193 1644
1784393644809 0.16773808002471924 1645
1784393644813 0.17153841257095337 1646
1784393644816 0.15116174519062042 1647
1784393644820 0.21619893610477448 1648
1784393644823 0.13963505625724792 1649
1784393644827 0.24090145528316498 1650
1784393644831 0.2515972852706909 1651
1784393644834 0.1718132346868515 1652
1784393644838 0.31491202116012573 1653
1784393644841 0.13566087186336517 1654
1784393644845 0.28927192091941833 1655
1784393644849 0.23685161769390106 1656
1784393644852 0.1579894721508026 1657
1784393644856 0.20962081849575043 1658
1784393644860 0.12618014216423035 1659
1784393644863 0.18620997667312622 1660
1784393644866 0.10476534813642502 1661
1784393644876 0.1336614042520523 1662
1784393644879 0.1302451491355896 1663
1784393644882 0.12507258355617523 1664
1784393644884 0.09403178095817566 1665
1784393644887 0.09097461402416229 1666
1784393644891 0.12396948039531708 1667
1784393644893 0.1027640774846077 1668
1784393644896 0.14593380689620972 1669
1784393644898 0.10908663272857666 1670
1784393644901 0.19746829569339752 1671
1784393644904 0.14444562792778015 1672
1784393644907 0.1556353121995926 1673
1784393644909 0.18921343982219696 1674
1784393644912 0.1410948783159256 1675
1784393644915 0.1748608499765396 1676
1784393644917 0.152840718626976 1677
1784393644919 0.1516304910182953 1678
1784393644922 0.132328063249588 1679
1784393644924 0.1489526480436325 1680
1784393644927 0.12409864366054535 1681
1784393644929 0.1287841796875 1682
1784393644932 0.12656420469284058 1683
1784393644936 0.17550598084926605 1684
1784393644939 0.13114607334136963 1685
1784393644942 0.14350900053977966 1686
1784393644945 0.10338853299617767 1687
1784393644948 0.15260770916938782 1688
1784393644950 0.10437215119600296 1689
1784393644953 0.1307341307401657 1690
1784393644956 0.12875458598136902 1691
1784393644958 0.12052490562200546 1692
1784393644961 0.10590125620365143 1693
1784393644964 0.10655998438596725 1694
1784393644966 0.07323689013719559 1695
1784393644969 0.08901208639144897 1696
1784393644972 0.07749669998884201 1697
1784393644975 0.07850772142410278 1698
1784393644978 0.08688554167747498 1699
1784393644981 0.1504654437303543 1700
1784393644984 0.11720425635576248 1701
1784393644986 0.12464883178472519 1702
1784393644989 0.11857244372367859 1703
1784393644991 0.13639646768569946 1704
1784393644994 0.13715708255767822 1705
1784393644996 0.17558345198631287 1706
1784393644998 0.16541948914527893 1707
1784393645001 0.14831513166427612 1708
1784393645003 0.1328146755695343 1709
1784393645006 0.09865140914916992 1710
1784393645009 0.11640209704637527 1711
1784393645011 0.10187246650457382 1712
1784393645014 0.1125662550330162 1713
1784393645017 0.12563060224056244 1714
1784393645019 0.14638875424861908 1715
1784393645021 0.10866906493902206 1716
1784393645024 0.0986548662185669 1717
1784393645027 0.09441930800676346 1718
1784393645030 0.08475367724895477 1719
1784393645032 0.1407376378774643 1720
1784393645035 0.09948886930942535 1721
1784393645037 0.09745996445417404 1722
1784393645039 0.13448506593704224 1723
1784393645042 0.07676690816879272 1724
1784393645045 0.11272690445184708 1725
1784393645048 0.12711866199970245 1726
1784393645051 0.09772850573062897 1727
1784393645053 0.11406959593296051 1728
1784393645056 0.0970357283949852 1729
1784393645059 0.06553887575864792 1730
1784393645061 0.1018478125333786 1731
1784393645063 0.09585115313529968 1732
1784393645066 0.08516614139080048 1733
1784393645069 0.1075386255979538 1734
1784393645071 0.09176120907068253 1735
1784393645074 0.09211345762014389 1736
1784393645076 0.08260422199964523 1737
1784393645079 0.0865468978881836 1738
1784393645081 0.08887366205453873 1739
1784393645083 0.09858245402574539 1740
1784393645086 0.10132162272930145 1741
1784393645088 0.08449378609657288 1742
1784393645091 0.10325445979833603 1743
1784393645093 0.11742238700389862 1744
1784393645096 0.08659481257200241 1745
1784393645098 0.09697748720645905 1746
1784393645101 0.12010836601257324 1747
1784393645104 0.07943041622638702 1748
1784393645106 0.089947909116745 1749
1784393645108 0.08420314639806747 1750
1784393645111 0.1286926567554474 1751
1784393645113 0.11765678972005844 1752
1784393645116 0.11531823873519897 1753
1784393645118 0.10291951149702072 1754
1784393645120 0.1307498812675476 1755
1784393645123 0.11511576175689697 1756
1784393645126 0.1265183389186859 1757
1784393645129 0.0830194428563118 1758
1784393645131 0.1311391443014145 1759
1784393645134 0.10585685074329376 1760
1784393645136 0.1436135172843933 1761
1784393645139 0.10923216491937637 1762
1784393645141 0.13201561570167542 1763
1784393645144 0.10871069133281708 1764
1784393645147 0.12558592855930328 1765
1784393645149 0.08053214102983475 1766
1784393645152 0.12109136581420898 1767
1784393645155 0.12550944089889526 1768
1784393645157 0.14217445254325867 1769
1784393645159 0.14466077089309692 1770
1784393645162 0.11642203480005264 1771
1784393645164 0.13413900136947632 1772
1784393645167 0.15262576937675476 1773
1784393645170 0.08401671051979065 1774
1784393645172 0.1401803344488144 1775
1784393645175 0.12791399657726288 1776
1784393645178 0.08992905169725418 1777
1784393645180 0.11273875087499619 1778
1784393645183 0.12240532040596008 1779
1784393645185 0.13305345177650452 1780
1784393645188 0.10528572648763657 1781
1784393645190 0.11854229867458344 1782
1784393645193 0.1476186364889145 1783
1784393645195 0.13078443706035614 1784
1784393645197 0.09792604297399521 1785
1784393645200 0.15681833028793335 1786
1784393645202 0.12083164602518082 1787
1784393645205 0.11153578013181686 1788
1784393645208 0.1388309895992279 1789
1784393645210 0.12912404537200928 1790
1784393645213 0.1291622668504715 1791
1784393645216 0.12359333038330078 1792
1784393645219 0.11458087712526321 1793
1784393645221 0.11806964874267578 1794
1784393645223 0.0969039797782898 1795
1784393645226 0.08343417942523956 1796
1784393645228 0.08345721662044525 1797
1784393645231 0.10607390105724335 1798
1784393645234 0.10177542269229889 1799
1784393645237 0.08034830540418625 1800
1784393645240 0.1271345019340515 1801
1784393645243 0.12125808745622635 1802
1784393645245 0.07799496501684189 1803
1784393645248 0.11998698115348816 1804
1784393645251 0.10349083691835403 1805
1784393645254 0.10864579677581787 1806
1784393645256 0.10579291731119156 1807
1784393645258 0.1147875189781189 1808
1784393645261 0.14668522775173187 1809
1784393645263 0.1217116042971611 1810
1784393645265 0.12834998965263367 1811
1784393645268 0.12321135401725769 1812
1784393645270 0.08096563816070557 1813
1784393645273 0.11745280027389526 1814
1784393645275 0.1075761616230011 1815
1784393645278 0.10325596481561661 1816
1784393645280 0.1074039489030838 1817
1784393645282 0.08596928417682648 1818
1784393645285 0.09899148344993591 1819
1784393645287 0.10537921637296677 1820
1784393645290 0.11353100091218948 1821
1784393645293 0.08721999824047089 1822
1784393645295 0.08063995093107224 1823
1784393645298 0.08931805193424225 1824
1784393645300 0.1177687793970108 1825
1784393645303 0.07983143627643585 1826
1784393645305 0.1359553337097168 1827
1784393645308 0.12097740173339844 1828
1784393645311 0.08434945344924927 1829
1784393645313 0.13777771592140198 1830
1784393645316 0.13379067182540894 1831
1784393645318 0.11350492388010025 1832
1784393645321 0.14121265709400177 1833
1784393645324 0.11658205091953278 1834
1784393645326 0.13369561731815338 1835
1784393645329 0.15302199125289917 1836
1784393645331 0.16740787029266357 1837
1784393645334 0.10349664837121964 1838
1784393645336 0.1145346462726593 1839
1784393645338 0.109746553003788 1840
1784393645341 0.09086756408214569 1841
1784393645343 0.1306670755147934 1842
1784393645346 0.10905906558036804 1843
1784393645348 0.10582433640956879 1844
1784393645351 0.10555477440357208 1845
1784393645354 0.10423362255096436 1846
1784393645356 0.12700825929641724 1847
1784393645359 0.12950189411640167 1848
1784393645361 0.10092601925134659 1849
1784393645364 0.13699498772621155 1850
1784393645366 0.1392924189567566 1851
1784393645368 0.13158902525901794 1852
1784393645371 0.12829121947288513 1853
1784393645373 0.15251211822032928 1854
1784393645376 0.13635346293449402 1855
1784393645378 0.11849566549062729 1856
1784393645380 0.10282612591981888 1857
1784393645383 0.08981329947710037 1858
1784393645386 0.10755939036607742 1859
1784393645388 0.06227214261889458 1860
1784393645391 0.08871695399284363 1861
1784393645394 0.0706745833158493 1862
1784393645396 0.08894981443881989 1863
1784393645398 0.09416516125202179 1864
1784393645401 0.08925363421440125 1865
1784393645404 0.1073712632060051 1866
1784393645406 0.08922459930181503 1867
1784393645409 0.07834575325250626 1868
1784393645412 0.11589284986257553 1869
1784393645414 0.09722230583429337 1870
1784393645416 0.07775019854307175 1871
1784393645419 0.13942313194274902 1872
1784393645421 0.10955677926540375 1873
1784393645424 0.11759413778781891 1874
