1784396324428 0.01612728089094162 0
1784396324431 0.012845800258219242 1
1784396324433 0.009879529476165771 2
1784396324435 0.01069652196019888 3
1784396324438 0.009173967875540257 4
1784396324440 0.009297630749642849 5
1784396324442 0.009039588272571564 6
1784396324445 0.007807039190083742 7
1784396324447 0.008802143856883049 8
1784396324449 0.009263831190764904 9
1784396324451 0.009576433338224888 10
1784396324453 0.009459171444177628 11
1784396324456 0.008334610611200333 12
1784396324458 0.00895976833999157 13
1784396324460 0.006658276077359915 14
1784396324462 0.00851086899638176 15
1784396324464 0.007929462008178234 16
1784396324466 0.007730117067694664 17
1784396324468 0.008013014681637287 18
1784396324470 0.008322897367179394 19
1784396324472 0.006415701005607843 20
1784396324475 0.007561896461993456 21
1784396324477 0.006001351401209831 22
1784396324479 0.0067839971743524075 23
1784396324482 0.006876781582832336 24
1784396324484 0.007355486508458853 25
1784396324486 0.006904909387230873 26
1784396324489 0.0068016666918993 27
1784396324491 0.007193812634795904 28
1784396324493 0.006235669832676649 29
1784396324495 0.007233722601085901 30
1784396324497 0.005351963918656111 31
1784396324499 0.005382387433201075 32
1784396324501 0.006018629297614098 33
1784396324503 0.005464581772685051 34
1784396324506 0.005613340064883232 35
1784396324508 0.004471739754080772 36
1784396324510 0.004887546878308058 37
1784396324512 0.005315741058439016 38
1784396324514 0.0055265179835259914 39
1784396324517 0.006429729517549276 40
1784396324520 0.004972429480403662 41
1784396324522 0.0054882909171283245 42
1784396324524 0.006226170342415571 43
1784396324526 0.006088364403694868 44
1784396324529 0.00492281187325716 45
1784396324531 0.006834041327238083 46
1784396324533 0.005560543853789568 47
1784396324536 0.005896363407373428 48
1784396324538 0.006699425633996725 49
1784396324541 0.006143457721918821 50
1784396324543 0.005250385496765375 51
1784396324545 0.005560517311096191 52
1784396324548 0.005952355917543173 53
1784396324550 0.00540132587775588 54
1784396324552 0.0051663778722286224 55
1784396324555 0.0042482116259634495 56
1784396324557 0.005082762334495783 57
1784396324561 0.0041013495065271854 58
1784396324563 0.005124915856868029 59
1784396324566 0.004814947489649057 60
1784396324568 0.005355343222618103 61
1784396324570 0.005062681157141924 62
1784396324573 0.004256377462297678 63
1784396324574 0.004892369266599417 64
1784396324577 0.004875369369983673 65
1784396324579 0.0041123004630208015 66
1784396324580 0.0039808847941458225 67
1784396324583 0.004929414018988609 68
1784396324586 0.0038808463141322136 69
1784396324588 0.004722394049167633 70
1784396324591 0.004463442135602236 71
1784396324593 0.004506993107497692 72
1784396324595 0.004230710212141275 73
1784396324597 0.0040457663126289845 74
1784396324599 0.003961687441915274 75
1784396324602 0.005103657487779856 76
1784396324604 0.005254741292446852 77
1784396324606 0.0035324329510331154 78
1784396324609 0.00457225413993001 79
1784396324611 0.005105854012072086 80
1784396324613 0.0062250918708741665 81
1784396324616 0.004603114444762468 82
1784396324618 0.004948710557073355 83
1784396324620 0.006170046981424093 84
1784396324622 0.00463199382647872 85
1784396324624 0.0049513778649270535 86
1784396324627 0.005400508642196655 87
1784396324628 0.004556869622319937 88
1784396324631 0.004292853642255068 89
1784396324633 0.0043830350041389465 90
1784396324635 0.004524469841271639 91
1784396324637 0.006154769565910101 92
1784396324639 0.006381473038345575 93
1784396324641 0.005686292424798012 94
1784396324643 0.006412087474018335 95
1784396324646 0.005603497382253408 96
1784396324648 0.005108338315039873 97
1784396324650 0.005208620335906744 98
1784396324652 0.005627522710710764 99
1784396324655 0.006127269472926855 100
1784396324657 0.005435848142951727 101
1784396324659 0.0054677207954227924 102
1784396324661 0.00551439868286252 103
1784396324663 0.005232181400060654 104
1784396324666 0.005335165653377771 105
1784396324668 0.005587635096162558 106
1784396324670 0.005256359931081533 107
1784396324672 0.004675660748034716 108
1784396324675 0.004471029620617628 109
1784396324678 0.004797111265361309 110
1784396324680 0.005315002519637346 111
1784396324683 0.005027366802096367 112
1784396324685 0.0050214072689414024 113
1784396324687 0.005215291399508715 114
1784396324689 0.005736013408750296 115
1784396324692 0.004933447111397982 116
1784396324694 0.005081037059426308 117
1784396324696 0.005086286924779415 118
1784396324699 0.005573627073317766 119
1784396324701 0.0054411981254816055 120
1784396324704 0.00549308443441987 121
1784396324706 0.004084580112248659 122
1784396324708 0.004290696233510971 123
1784396324714 0.005051418673247099 124
1784396324717 0.005023223347961903 125
1784396324719 0.00463257497176528 126
1784396324721 0.004676483105868101 127
1784396324723 0.004842254798859358 128
1784396324725 0.005876867566257715 129
1784396324727 0.005474621430039406 130
1784396324729 0.0057815187610685825 131
1784396324731 0.004462806973606348 132
1784396324733 0.004558047745376825 133
1784396324735 0.005501944571733475 134
1784396324737 0.005961883347481489 135
1784396324739 0.004325700458139181 136
1784396324742 0.0047524417750537395 137
1784396324743 0.004876621067523956 138
1784396324745 0.004406336694955826 139
1784396324748 0.004884617868810892 140
1784396324750 0.0056932042352855206 141
1784396324753 0.005680358503013849 142
1784396324755 0.005191689357161522 143
1784396324757 0.004953546915203333 144
1784396324760 0.004621301311999559 145
1784396324761 0.003967676777392626 146
1784396324763 0.005055347923189402 147
1784396324766 0.0050689238123595715 148
1784396324768 0.0053477524779737 149
1784396324769 0.0054847002029418945 150
1784396324772 0.00490204943343997 151
1784396324774 0.0051824250258505344 152
1784396324776 0.00456062750890851 153
1784396324778 0.005500438157469034 154
1784396324780 0.00496666319668293 155
1784396324782 0.00427717762067914 156
1784396324784 0.0046673850156366825 157
1784396324786 0.004827334079891443 158
1784396324788 0.005530718248337507 159
1784396324790 0.0047244238667190075 160
1784396324792 0.005250490736216307 161
1784396324795 0.0051528713665902615 162
1784396324797 0.00527657987549901 163
1784396324799 0.004122051410377026 164
1784396324802 0.0046110390685498714 165
1784396324804 0.0043647331185638905 166
1784396324805 0.00418314291164279 167
1784396324808 0.0042544263415038586 168
1784396324810 0.005797410849481821 169
1784396324812 0.005205018445849419 170
1784396324815 0.005391858983784914 171
1784396324818 0.004649330861866474 172
1784396324820 0.0047766659408807755 173
1784396324823 0.005497606936842203 174
1784396324825 0.005132695194333792 175
1784396324828 0.006316706072539091 176
1784396324830 0.006148101761937141 177
1784396324833 0.004877632949501276 178
1784396324835 0.005411824211478233 179
1784396324836 0.005325240548700094 180
1784396324839 0.005003667436540127 181
1784396324842 0.0045710536651313305 182
1784396324844 0.004814267624169588 183
1784396324847 0.004992230795323849 184
1784396324849 0.005770934280008078 185
1784396324851 0.005061522591859102 186
1784396324853 0.0056518972851336 187
1784396324856 0.004979942459613085 188
1784396324858 0.006070934236049652 189
1784396324860 0.005052020773291588 190
1784396324863 0.005402166862040758 191
1784396324865 0.004670076537877321 192
1784396324868 0.005654300097376108 193
1784396324870 0.004839522764086723 194
1784396324873 0.004673843737691641 195
1784396324875 0.005041849333792925 196
1784396324878 0.004338629078119993 197
1784396324880 0.005009730812162161 198
1784396324882 0.005700069945305586 199
1784396324884 0.0033648135140538216 200
1784396324886 0.004626581445336342 201
1784396324889 0.004781112540513277 202
1784396324891 0.004805202130228281 203
1784396324893 0.005261695012450218 204
1784396324895 0.005566678941249847 205
1784396324897 0.004518712870776653 206
1784396324900 0.005292315501719713 207
1784396324902 0.004347941372543573 208
1784396324904 0.0048157223500311375 209
1784396324907 0.006334031466394663 210
1784396324909 0.0050137960352003574 211
1784396324911 0.004836781416088343 212
1784396324913 0.004217489156872034 213
1784396324915 0.004778092261403799 214
1784396324918 0.004681431222707033 215
1784396324920 0.0044905380345880985 216
1784396324923 0.004693309776484966 217
1784396324925 0.004299535416066647 218
1784396324927 0.004460994154214859 219
1784396324929 0.005762131419032812 220
1784396324932 0.005463204812258482 221
1784396324934 0.004102526698261499 222
1784396324936 0.005012651905417442 223
1784396324938 0.005321470554918051 224
1784396324940 0.0048652831465005875 225
1784396324943 0.00463563809171319 226
1784396324944 0.004653374198824167 227
1784396324947 0.004431841894984245 228
1784396324949 0.004684536252170801 229
1784396324951 0.005618605297058821 230
1784396324954 0.005107025150209665 231
1784396324956 0.005060689523816109 232
1784396324958 0.004525991156697273 233
1784396324960 0.0056119258515536785 234
1784396324963 0.005595803260803223 235
1784396324965 0.0059363581240177155 236
1784396324967 0.004477029200643301 237
1784396324969 0.004963783081620932 238
1784396324972 0.004877198487520218 239
1784396324974 0.005658910144120455 240
1784396324975 0.005867247935384512 241
1784396324978 0.0044585638679564 242
1784396324980 0.004478204529732466 243
1784396324982 0.004969175439327955 244
1784396324985 0.004216809291392565 245
1784396324986 0.004988355096429586 246
1784396324989 0.00530605623498559 247
1784396324994 0.0057996716350317 248
1784396324996 0.00547653017565608 249
1784396324999 0.005183145869523287 250
1784396325001 0.005200875457376242 251
1784396325003 0.0054014609195292 252
1784396325005 0.004903323017060757 253
1784396325008 0.005100823473185301 254
1784396325010 0.004973505157977343 255
1784396325013 0.005233465228229761 256
1784396325015 0.00615197978913784 257
1784396325017 0.006839974317699671 258
1784396325020 0.005289051216095686 259
1784396325022 0.005490726325660944 260
1784396325024 0.0064273979514837265 261
1784396325027 0.006594102829694748 262
1784396325029 0.006641407962888479 263
1784396325032 0.005531468894332647 264
1784396325034 0.0057910289615392685 265
1784396325035 0.005290638655424118 266
1784396325037 0.005161934997886419 267
1784396325039 0.005447859410196543 268
1784396325041 0.006820648908615112 269
1784396325043 0.006343359127640724 270
1784396325045 0.005483725573867559 271
1784396325047 0.004747588653117418 272
1784396325049 0.005550969857722521 273
1784396325051 0.006466818507760763 274
1784396325053 0.004796087276190519 275
1784396325055 0.0061990427784621716 276
1784396325057 0.004582531750202179 277
1784396325060 0.006014080718159676 278
1784396325062 0.005701748188585043 279
1784396325064 0.005204574670642614 280
1784396325066 0.004826386459171772 281
1784396325068 0.004422601778060198 282
1784396325071 0.005376820918172598 283
1784396325073 0.004373166710138321 284
1784396325075 0.004517346154898405 285
1784396325077 0.004650438204407692 286
1784396325079 0.0048791952431201935 287
1784396325082 0.005102021619677544 288
1784396325084 0.006055621430277824 289
1784396325086 0.005129348952323198 290
1784396325088 0.005420299246907234 291
1784396325090 0.005589492619037628 292
1784396325093 0.005175467114895582 293
1784396325095 0.005860632751137018 294
1784396325098 0.005661403760313988 295
1784396325100 0.004910334944725037 296
1784396325102 0.006060440558940172 297
1784396325105 0.005458775907754898 298
1784396325107 0.005815531592816114 299
1784396325110 0.005031574983149767 300
1784396325113 0.004200522787868977 301
1784396325115 0.005418711807578802 302
1784396325118 0.004336287267506123 303
1784396325120 0.005093086510896683 304
1784396325123 0.005748082417994738 305
1784396325126 0.005817342549562454 306
1784396325129 0.005375637207180262 307
1784396325131 0.004947001580148935 308
1784396325134 0.00466137146577239 309
1784396325136 0.005627486854791641 310
1784396325138 0.005393464118242264 311
1784396325141 0.005300631280988455 312
1784396325143 0.004881652072072029 313
1784396325145 0.005000617820769548 314
1784396325148 0.004805533681064844 315
1784396325150 0.004485165700316429 316
1784396325152 0.004941230174154043 317
1784396325154 0.00635667284950614 318
1784396325156 0.00441982364282012 319
1784396325159 0.005570933688431978 320
1784396325161 0.005929335951805115 321
1784396325163 0.004622910171747208 322
1784396325167 0.005048881284892559 323
1784396325168 0.005726293195039034 324
1784396325171 0.005101215094327927 325
1784396325173 0.005623747128993273 326
1784396325175 0.004371840041130781 327
1784396325177 0.005072872154414654 328
1784396325179 0.005277873482555151 329
1784396325181 0.004760580137372017 330
1784396325183 0.0050070080906152725 331
1784396325185 0.005499550607055426 332
1784396325187 0.005215365905314684 333
1784396325189 0.004676351323723793 334
1784396325191 0.00550295552238822 335
1784396325193 0.005021460819989443 336
1784396325195 0.006427483633160591 337
1784396325197 0.005895716603845358 338
1784396325199 0.004630276467651129 339
1784396325202 0.006078067701309919 340
1784396325203 0.004890599753707647 341
1784396325205 0.005144243594259024 342
1784396325208 0.005861486773937941 343
1784396325210 0.005223887041211128 344
1784396325211 0.005260418634861708 345
1784396325214 0.003800623817369342 346
1784396325215 0.004826581105589867 347
1784396325217 0.004899213556200266 348
1784396325219 0.004443373531103134 349
1784396325221 0.00498589314520359 350
1784396325223 0.0048609389923512936 351
1784396325225 0.0048100766725838184 352
1784396325227 0.005307490471750498 353
1784396325229 0.004777674563229084 354
1784396325231 0.0044402978383004665 355
1784396325233 0.005060452967882156 356
1784396325235 0.005641235504299402 357
1784396325237 0.004643459338694811 358
1784396325239 0.005084563512355089 359
1784396325241 0.004428633954375982 360
1784396325244 0.005909120664000511 361
1784396325246 0.00417121360078454 362
1784396325248 0.004648811649531126 363
1784396325251 0.005360388662666082 364
1784396325253 0.005285995546728373 365
1784396325254 0.004380772355943918 366
1784396325257 0.005162280052900314 367
1784396325259 0.00490204431116581 368
1784396325260 0.004782951902598143 369
1784396325263 0.004806200508028269 370
1784396325265 0.005349110346287489 371
