1784393631347 133.61856079101562 0
1784393631349 117.3062744140625 1
1784393631351 90.85564422607422 2
1784393631352 95.94752502441406 3
1784393631354 100.4177474975586 4
1784393631356 89.59490966796875 5
1784393631358 78.6640396118164 6
1784393631360 81.70587921142578 7
1784393631361 70.29428100585938 8
1784393631363 73.39657592773438 9
1784393631366 74.70208740234375 10
1784393631368 72.375732421875 11
1784393631370 68.15773010253906 12
1784393631372 64.9234390258789 13
1784393631374 70.89476013183594 14
1784393631376 60.54865264892578 15
1784393631378 57.668975830078125 16
1784393631380 59.858585357666016 17
1784393631382 58.64533996582031 18
1784393631384 60.167015075683594 19
1784393631386 55.32640075683594 20
1784393631388 57.35974884033203 21
1784393631390 55.141944885253906 22
1784393631391 51.71930694580078 23
1784393631393 54.09571075439453 24
1784393631395 52.68818283081055 25
1784393631397 52.914085388183594 26
1784393631399 45.719482421875 27
1784393631401 48.43731689453125 28
1784393631403 46.193397521972656 29
1784393631405 45.94716262817383 30
1784393631407 44.46750259399414 31
1784393631409 43.28639221191406 32
1784393631411 44.77569580078125 33
1784393631413 45.53458786010742 34
1784393631415 40.65243148803711 35
1784393631417 47.0887565612793 36
1784393631418 44.91886901855469 37
1784393631420 41.54538345336914 38
1784393631422 41.00651931762695 39
1784393631425 39.27043151855469 40
1784393631427 41.370975494384766 41
1784393631428 37.130210876464844 42
1784393631430 35.842403411865234 43
1784393631432 39.320899963378906 44
1784393631434 34.63392639160156 45
1784393631436 33.16029739379883 46
1784393631438 37.18092727661133 47
1784393631439 34.702720642089844 48
1784393631441 35.56563186645508 49
1784393631443 36.55127716064453 50
1784393631445 33.52496337890625 51
1784393631446 37.91156768798828 52
1784393631448 34.171112060546875 53
1784393631450 34.711021423339844 54
1784393631452 36.99048614501953 55
1784393631454 32.83467483520508 56
1784393631456 32.22510528564453 57
1784393631458 31.157697677612305 58
1784393631460 35.521888732910156 59
1784393631462 33.67732238769531 60
1784393631464 32.71873092651367 61
1784393631465 34.60647201538086 62
1784393631467 33.02412414550781 63
1784393631470 36.28289031982422 64
1784393631471 35.782745361328125 65
1784393631474 34.73748016357422 66
1784393631476 28.928043365478516 67
1784393631478 34.52756118774414 68
1784393631480 35.65238952636719 69
1784393631482 33.00778579711914 70
1784393631484 29.122655868530273 71
1784393631486 30.547466278076172 72
1784393631488 34.390384674072266 73
1784393631490 32.183223724365234 74
1784393631492 28.4677791595459 75
1784393631494 34.60551071166992 76
1784393631496 34.67210006713867 77
1784393631497 34.323646545410156 78
1784393631499 31.666479110717773 79
1784393631501 32.158546447753906 80
1784393631502 31.362838745117188 81
1784393631505 26.640361785888672 82
1784393631506 30.018821716308594 83
1784393631508 33.912925720214844 84
1784393631511 31.4500732421875 85
1784393631512 32.642234802246094 86
1784393631514 32.06555938720703 87
1784393631515 31.17859649658203 88
1784393631517 25.98554039001465 89
1784393631519 32.22574234008789 90
1784393631521 31.885648727416992 91
1784393631523 34.88909912109375 92
1784393631525 30.050554275512695 93
1784393631526 27.9403018951416 94
1784393631528 32.12672805786133 95
1784393631530 29.246946334838867 96
1784393631532 30.008506774902344 97
1784393631533 25.70345687866211 98
1784393631535 25.44748878479004 99
1784393631537 30.83591079711914 100
1784393631538 27.811511993408203 101
1784393631540 25.853588104248047 102
1784393631542 28.15679931640625 103
1784393631544 25.726823806762695 104
1784393631546 26.687175750732422 105
1784393631548 27.755306243896484 106
1784393631549 27.18764305114746 107
1784393631551 25.035079956054688 108
1784393631553 26.888898849487305 109
1784393631555 26.60154914855957 110
1784393631556 22.70969581604004 111
1784393631558 26.52642059326172 112
1784393631559 25.21669578552246 113
1784393631561 26.753463745117188 114
1784393631563 27.541244506835938 115
1784393631564 27.95149040222168 116
1784393631567 23.145662307739258 117
1784393631569 24.014122009277344 118
1784393631571 26.833112716674805 119
1784393631573 25.39369010925293 120
1784393631575 30.017581939697266 121
1784393631577 22.011417388916016 122
1784393631579 27.053367614746094 123
1784393631580 29.94611358642578 124
1784393631582 26.890966415405273 125
1784393631584 26.415607452392578 126
1784393631586 28.15604591369629 127
1784393631588 23.577037811279297 128
1784393631590 25.596302032470703 129
1784393631592 28.597904205322266 130
1784393631594 22.930177688598633 131
1784393631596 28.668630599975586 132
1784393631598 24.426555633544922 133
1784393631599 23.29535484313965 134
1784393631601 26.875492095947266 135
1784393631603 23.00566864013672 136
1784393631605 26.671112060546875 137
1784393631608 28.46800994873047 138
1784393631610 23.766273498535156 139
1784393631612 22.81345558166504 140
1784393631614 24.1446475982666 141
1784393631615 23.431644439697266 142
1784393631617 23.18277931213379 143
1784393631619 27.239648818969727 144
1784393631620 25.067079544067383 145
1784393631622 25.723955154418945 146
1784393631624 27.929227828979492 147
1784393631626 25.48114585876465 148
1784393631628 24.363933563232422 149
1784393631629 29.074975967407227 150
1784393631631 26.01935577392578 151
1784393631633 25.251262664794922 152
1784393631634 24.329111099243164 153
1784393631636 23.17867660522461 154
1784393631638 29.588321685791016 155
1784393631640 23.591882705688477 156
1784393631641 25.77507209777832 157
1784393631643 25.122570037841797 158
1784393631645 26.094629287719727 159
1784393631647 23.110990524291992 160
1784393631648 25.529699325561523 161
1784393631651 26.60817527770996 162
1784393631652 23.494674682617188 163
1784393631654 28.48987579345703 164
1784393631656 25.187973022460938 165
1784393631658 24.173738479614258 166
1784393631660 28.556865692138672 167
1784393631666 27.570987701416016 168
1784393631668 22.824440002441406 169
1784393631670 27.788480758666992 170
1784393631672 25.42298698425293 171
1784393631674 26.045948028564453 172
1784393631676 26.77921485900879 173
1784393631678 23.943031311035156 174
1784393631680 22.68722152709961 175
1784393631682 28.937177658081055 176
1784393631684 26.97762680053711 177
1784393631686 24.577987670898438 178
1784393631688 25.306068420410156 179
1784393631690 26.956623077392578 180
1784393631692 25.65403938293457 181
1784393631694 24.9006404876709 182
1784393631695 25.642902374267578 183
1784393631698 24.66210174560547 184
1784393631699 25.886213302612305 185
1784393631701 26.80015754699707 186
1784393631703 22.92071533203125 187
1784393631706 24.019067764282227 188
1784393631707 24.267946243286133 189
1784393631709 23.990474700927734 190
1784393631711 24.9732723236084 191
1784393631713 25.1541748046875 192
1784393631715 24.789024353027344 193
1784393631717 20.449533462524414 194
1784393631719 27.015838623046875 195
1784393631721 23.275007247924805 196
1784393631723 22.22109603881836 197
1784393631725 24.864015579223633 198
1784393631726 20.15538787841797 199
1784393631729 24.351688385009766 200
1784393631731 29.014877319335938 201
1784393631733 21.302181243896484 202
1784393631735 29.420351028442383 203
1784393631737 26.800615310668945 204
1784393631738 25.257516860961914 205
1784393631740 26.569717407226562 206
1784393631742 25.583635330200195 207
1784393631744 23.55929946899414 208
1784393631746 25.476564407348633 209
1784393631748 25.989086151123047 210
1784393631750 22.28205108642578 211
1784393631751 23.37839126586914 212
1784393631754 26.092159271240234 213
1784393631755 21.036109924316406 214
1784393631757 24.199508666992188 215
1784393631759 20.39263153076172 216
1784393631760 19.76101303100586 217
1784393631762 23.58439064025879 218
1784393631763 21.879383087158203 219
1784393631766 22.469079971313477 220
1784393631767 24.34977149963379 221
1784393631769 22.167177200317383 222
1784393631771 24.63789939880371 223
1784393631773 23.278717041015625 224
1784393631775 19.235015869140625 225
1784393631776 28.022584915161133 226
1784393631778 21.293445587158203 227
1784393631780 20.969758987426758 228
1784393631782 21.917760848999023 229
1784393631784 20.532394409179688 230
1784393631785 21.636995315551758 231
1784393631787 20.27758026123047 232
1784393631789 21.318771362304688 233
1784393631791 20.98873519897461 234
1784393631793 21.66649627685547 235
1784393631794 22.453136444091797 236
1784393631796 22.36307716369629 237
1784393631798 21.57329559326172 238
1784393631799 23.872472763061523 239
1784393631801 20.812225341796875 240
1784393631803 20.615936279296875 241
1784393631805 24.35299301147461 242
1784393631807 20.549415588378906 243
1784393631809 20.648746490478516 244
1784393631811 26.252798080444336 245
1784393631813 21.532297134399414 246
1784393631815 21.77385711669922 247
1784393631817 26.678874969482422 248
1784393631819 21.410888671875 249
1784393631821 24.534679412841797 250
1784393631822 26.46256446838379 251
1784393631824 19.908769607543945 252
1784393631826 21.807510375976562 253
1784393631828 22.470674514770508 254
1784393631830 22.270055770874023 255
1784393631832 25.459030151367188 256
1784393631834 22.904056549072266 257
1784393631835 22.4005184173584 258
1784393631837 23.445838928222656 259
1784393631839 24.620336532592773 260
1784393631841 23.102603912353516 261
1784393631843 19.83328628540039 262
1784393631845 21.894392013549805 263
1784393631847 21.12763214111328 264
1784393631848 21.05653953552246 265
1784393631850 24.713138580322266 266
1784393631852 22.32616424560547 267
1784393631854 23.302234649658203 268
1784393631855 27.507007598876953 269
1784393631857 21.37637710571289 270
1784393631859 20.92955780029297 271
1784393631861 25.01807403564453 272
1784393631863 20.658554077148438 273
1784393631865 20.799043655395508 274
1784393631867 21.144989013671875 275
1784393631869 22.66609001159668 276
1784393631871 20.701324462890625 277
1784393631873 24.347248077392578 278
1784393631875 21.209625244140625 279
1784393631876 22.083555221557617 280
1784393631878 21.52716636657715 281
1784393631881 22.383846282958984 282
1784393631883 22.488819122314453 283
1784393631884 24.822227478027344 284
1784393631886 23.263521194458008 285
1784393631888 21.852371215820312 286
1784393631890 20.56728172302246 287
1784393631892 18.394330978393555 288
1784393631894 19.682498931884766 289
1784393631895 19.827634811401367 290
1784393631897 22.216100692749023 291
1784393631899 18.930316925048828 292
1784393631901 18.492206573486328 293
1784393631902 21.14574432373047 294
1784393631904 17.34953498840332 295
1784393631906 18.433576583862305 296
1784393631908 20.19227409362793 297
1784393631909 18.29547882080078 298
1784393631911 21.890417098999023 299
1784393631913 21.069808959960938 300
1784393631915 19.45644760131836 301
1784393631917 23.029640197753906 302
1784393631918 23.022932052612305 303
1784393631920 20.759782791137695 304
1784393631922 21.477067947387695 305
1784393631924 22.248184204101562 306
1784393631925 22.508420944213867 307
1784393631927 20.380264282226562 308
1784393631929 18.287128448486328 309
1784393631931 20.089508056640625 310
1784393631933 19.31387710571289 311
1784393631935 20.10865592956543 312
1784393631937 19.128314971923828 313
1784393631938 22.518949508666992 314
1784393631940 20.25948715209961 315
1784393631942 20.605348587036133 316
1784393631944 23.892253875732422 317
1784393631946 16.289335250854492 318
1784393631948 22.39984130859375 319
1784393631951 22.906248092651367 320
1784393631953 16.298580169677734 321
1784393631955 22.4259033203125 322
1784393631956 17.465160369873047 323
1784393631958 18.895437240600586 324
1784393631960 21.210126876831055 325
1784393631962 19.580190658569336 326
1784393631964 17.619970321655273 327
1784393631966 19.70171546936035 328
1784393631968 19.699462890625 329
1784393631970 16.959583282470703 330
1784393631972 17.565656661987305 331
1784393631974 19.55908966064453 332
1784393631976 18.23564910888672 333
1784393631978 19.421768188476562 334
1784393631980 19.277286529541016 335
1784393631981 18.431106567382812 336
1784393631983 18.338621139526367 337
1784393631985 18.343093872070312 338
1784393631987 20.78297996520996 339
1784393631989 19.71776008605957 340
1784393631991 19.64586639404297 341
1784393631993 20.701412200927734 342
1784393631995 18.138582229614258 343
1784393631997 19.82978057861328 344
1784393631999 18.402734756469727 345
1784393632000 19.65945053100586 346
1784393632003 19.631559371948242 347
1784393632004 18.49500274658203 348
1784393632006 20.811344146728516 349
1784393632008 17.808208465576172 350
1784393632010 19.295915603637695 351
1784393632012 21.315582275390625 352
1784393632014 16.534807205200195 353
1784393632016 18.872121810913086 354
1784393632018 18.191802978515625 355
1784393632019 18.94029998779297 356
1784393632021 19.385595321655273 357
1784393632023 19.3426456451416 358
1784393632025 20.427265167236328 359
1784393632027 19.512224197387695 360
1784393632029 18.965534210205078 361
1784393632030 19.111799240112305 362
1784393632032 17.684310913085938 363
1784393632034 17.05862045288086 364
1784393632036 18.576885223388672 365
1784393632038 18.110816955566406 366
1784393632040 17.687271118164062 367
1784393632042 17.991352081298828 368
1784393632043 18.56816291809082 369
1784393632045 16.253538131713867 370
1784393632047 17.979570388793945 371
1784393632048 19.703771591186523 372
1784393632051 17.107601165771484 373
1784393632052 15.981714248657227 374
1784393632054 17.900794982910156 375
1784393632056 18.388391494750977 376
1784393632057 17.21998405456543 377
1784393632059 15.057493209838867 378
1784393632061 17.158506393432617 379
1784393632063 17.7905216217041 380
1784393632065 15.333325386047363 381
1784393632067 17.75382423400879 382
1784393632069 16.487131118774414 383
1784393632071 14.611491203308105 384
1784393632073 17.786334991455078 385
1784393632075 16.72520637512207 386
1784393632077 16.9423770904541 387
1784393632078 19.7496395111084 388
1784393632081 17.223365783691406 389
1784393632082 19.808738708496094 390
1784393632084 17.142057418823242 391
1784393632087 16.166479110717773 392
1784393632088 21.27056121826172 393
1784393632090 19.515689849853516 394
1784393632092 19.73107147216797 395
1784393632093 19.91706085205078 396
1784393632095 18.772449493408203 397
1784393632097 18.275114059448242 398
1784393632099 20.266185760498047 399
1784393632100 15.313501358032227 400
1784393632102 18.690664291381836 401
1784393632103 19.2973575592041 402
1784393632105 15.971929550170898 403
1784393632107 16.36782455444336 404
1784393632109 20.250102996826172 405
1784393632111 18.620319366455078 406
1784393632112 18.67467498779297 407
1784393632114 19.086986541748047 408
1784393632116 18.053754806518555 409
1784393632118 16.552541732788086 410
1784393632120 19.085227966308594 411
1784393632122 17.49142074584961 412
1784393632124 18.651458740234375 413
1784393632126 20.47209930419922 414
1784393632127 20.66555404663086 415
1784393632129 20.313941955566406 416
1784393632131 18.917036056518555 417
1784393632133 21.4775390625 418
1784393632134 17.969518661499023 419
1784393632136 17.581174850463867 420
1784393632138 20.168956756591797 421
1784393632139 18.95962142944336 422
1784393632142 16.112754821777344 423
1784393632143 20.26865577697754 424
1784393632145 19.90096664428711 425
1784393632147 17.80491828918457 426
1784393632148 18.4108829498291 427
1784393632150 22.398208618164062 428
1784393632152 16.19595718383789 429
1784393632154 17.50556182861328 430
1784393632156 17.353748321533203 431
1784393632157 15.70041275024414 432
1784393632159 17.522756576538086 433
1784393632161 18.626502990722656 434
1784393632163 19.760805130004883 435
1784393632165 18.492624282836914 436
1784393632167 19.561805725097656 437
1784393632168 17.450002670288086 438
1784393632170 16.22015380859375 439
1784393632172 16.380908966064453 440
1784393632174 17.612010955810547 441
1784393632175 18.38433265686035 442
1784393632177 17.12506675720215 443
1784393632179 17.4219970703125 444
1784393632181 16.193649291992188 445
1784393632182 19.218015670776367 446
1784393632185 16.979902267456055 447
1784393632186 16.507104873657227 448
1784393632188 16.436763763427734 449
1784393632190 16.773357391357422 450
1784393632192 14.522588729858398 451
1784393632194 17.53212547302246 452
1784393632196 13.636887550354004 453
1784393632197 15.49863338470459 454
1784393632199 15.387328147888184 455
1784393632201 16.589290618896484 456
1784393632203 15.992351531982422 457
1784393632205 18.268115997314453 458
1784393632207 18.658931732177734 459
1784393632209 17.297138214111328 460
1784393632210 19.251482009887695 461
1784393632212 17.462806701660156 462
1784393632214 17.874046325683594 463
1784393632216 18.553903579711914 464
1784393632217 16.085132598876953 465
1784393632219 16.944448471069336 466
1784393632221 16.93537712097168 467
1784393632223 16.865880966186523 468
1784393632224 18.355146408081055 469
1784393632226 19.33817481994629 470
1784393632228 18.433366775512695 471
1784393632229 19.5451602935791 472
1784393632231 17.555828094482422 473
1784393632233 18.199365615844727 474
1784393632235 20.15234375 475
1784393632237 16.4971981048584 476
1784393632239 21.852073669433594 477
1784393632241 20.952287673950195 478
1784393632243 18.347143173217773 479
1784393632245 22.066556930541992 480
1784393632247 20.553030014038086 481
1784393632249 19.904743194580078 482
1784393632251 18.706562042236328 483
1784393632253 20.550281524658203 484
1784393632255 18.819454193115234 485
1784393632257 20.447025299072266 486
1784393632259 20.01784896850586 487
1784393632261 16.85103416442871 488
1784393632263 17.49709701538086 489
1784393632265 17.70126724243164 490
1784393632267 14.502368927001953 491
1784393632269 17.35850715637207 492
1784393632271 16.754016876220703 493
1784393632272 14.179522514343262 494
1784393632274 16.606245040893555 495
1784393632276 15.43963623046875 496
1784393632277 14.579912185668945 497
1784393632279 17.813167572021484 498
1784393632281 16.254323959350586 499
1784393632283 15.486274719238281 500
1784393632284 16.118032455444336 501
1784393632287 17.637496948242188 502
1784393632288 16.60548210144043 503
1784393632290 20.66019630432129 504
1784393632292 17.224119186401367 505
1784393632294 16.848276138305664 506
1784393632295 18.824813842773438 507
1784393632297 14.917928695678711 508
1784393632299 17.954050064086914 509
1784393632300 19.203536987304688 510
1784393632302 16.498197555541992 511
1784393632304 22.722457885742188 512
1784393632306 23.788646697998047 513
1784393632308 18.71973991394043 514
1784393632310 18.77629280090332 515
1784393632312 20.697471618652344 516
1784393632313 16.619691848754883 517
1784393632315 20.5407657623291 518
1784393632317 24.057266235351562 519
1784393632318 19.119701385498047 520
1784393632320 20.56086540222168 521
1784393632322 21.807111740112305 522
1784393632324 17.301889419555664 523
1784393632326 19.695138931274414 524
1784393632327 20.877174377441406 525
1784393632329 17.183876037597656 526
1784393632331 17.546016693115234 527
1784393632333 17.374814987182617 528
1784393632335 16.893192291259766 529
1784393632336 17.66600799560547 530
1784393632338 18.635509490966797 531
1784393632339 16.932031631469727 532
1784393632341 20.293733596801758 533
1784393632343 19.591279983520508 534
1784393632345 17.4482421875 535
1784393632347 18.179880142211914 536
1784393632349 18.841812133789062 537
1784393632350 17.755573272705078 538
1784393632352 18.407882690429688 539
1784393632354 14.991863250732422 540
1784393632356 20.168991088867188 541
1784393632358 19.268535614013672 542
1784393632360 18.56668472290039 543
1784393632362 17.981876373291016 544
1784393632363 19.242935180664062 545
1784393632365 22.035953521728516 546
1784393632367 15.437431335449219 547
1784393632368 19.974987030029297 548
1784393632370 21.993959426879883 549
1784393632372 17.626663208007812 550
1784393632374 18.230712890625 551
1784393632375 19.988027572631836 552
1784393632377 15.954351425170898 553
1784393632379 17.327922821044922 554
1784393632381 18.545005798339844 555
1784393632382 16.951601028442383 556
1784393632385 20.847354888916016 557
1784393632387 21.06427764892578 558
1784393632389 22.205989837646484 559
1784393632391 19.01212501525879 560
1784393632393 24.532093048095703 561
1784393632395 20.00485610961914 562
1784393632396 17.841787338256836 563
1784393632398 21.452041625976562 564
1784393632399 21.2445011138916 565
1784393632401 19.725496292114258 566
1784393632403 18.881799697875977 567
1784393632405 20.92272186279297 568
1784393632407 20.79624366760254 569
1784393632409 19.64598274230957 570
1784393632410 18.615886688232422 571
1784393632412 18.970613479614258 572
1784393632414 21.389278411865234 573
1784393632416 21.489818572998047 574
1784393632417 17.706998825073242 575
1784393632419 17.16407012939453 576
1784393632421 18.964893341064453 577
1784393632423 17.040756225585938 578
1784393632425 17.586570739746094 579
1784393632427 16.31941795349121 580
1784393632429 17.774499893188477 581
1784393632431 15.766109466552734 582
1784393632433 15.777349472045898 583
1784393632434 18.642780303955078 584
1784393632436 14.325777053833008 585
1784393632438 14.956427574157715 586
1784393632440 15.016731262207031 587
1784393632441 15.857866287231445 588
1784393632443 15.341058731079102 589
1784393632445 14.917000770568848 590
1784393632447 15.922456741333008 591
1784393632449 16.262319564819336 592
1784393632451 16.6783504486084 593
1784393632453 16.029176712036133 594
1784393632454 16.88479232788086 595
1784393632456 17.045236587524414 596
1784393632458 17.117395401000977 597
1784393632460 17.793180465698242 598
1784393632461 17.162456512451172 599
1784393632464 18.020687103271484 600
1784393632465 21.307767868041992 601
1784393632467 17.721942901611328 602
1784393632469 18.242124557495117 603
1784393632471 17.827722549438477 604
1784393632472 15.987689971923828 605
1784393632474 17.596458435058594 606
1784393632476 17.67100715637207 607
1784393632478 21.908138275146484 608
1784393632479 18.419841766357422 609
1784393632482 19.342687606811523 610
1784393632484 17.83203887939453 611
1784393632485 17.440895080566406 612
1784393632488 19.46371078491211 613
1784393632489 17.95707893371582 614
1784393632491 16.168617248535156 615
1784393632493 17.450307846069336 616
1784393632495 17.149250030517578 617
1784393632497 15.595324516296387 618
1784393632500 17.049484252929688 619
1784393632502 15.767023086547852 620
1784393632503 16.227685928344727 621
1784393632506 17.677875518798828 622
1784393632508 16.202533721923828 623
1784393632510 15.890340805053711 624
1784393632512 16.5198974609375 625
1784393632514 16.07977294921875 626
1784393632516 17.41461753845215 627
1784393632519 16.002994537353516 628
1784393632520 15.453018188476562 629
1784393632522 16.998455047607422 630
1784393632524 14.727384567260742 631
1784393632526 17.098073959350586 632
1784393632527 16.108266830444336 633
1784393632529 12.651987075805664 634
1784393632531 20.18883514404297 635
1784393632533 19.32381248474121 636
1784393632534 17.781211853027344 637
1784393632536 14.334688186645508 638
1784393632538 16.627897262573242 639
1784393632540 15.870218276977539 640
1784393632542 16.288963317871094 641
1784393632544 17.005067825317383 642
1784393632546 15.056526184082031 643
1784393632548 15.30750560760498 644
1784393632550 16.206623077392578 645
1784393632552 16.41351890563965 646
1784393632554 15.815549850463867 647
1784393632556 16.55227279663086 648
1784393632558 16.012178421020508 649
1784393632561 16.926902770996094 650
1784393632563 15.212495803833008 651
1784393632565 16.276121139526367 652
1784393632567 15.843620300292969 653
1784393632569 18.96505355834961 654
1784393632572 14.257912635803223 655
1784393632573 18.256446838378906 656
1784393632575 16.231002807617188 657
1784393632577 16.52031135559082 658
1784393632579 17.115419387817383 659
1784393632580 16.032032012939453 660
1784393632582 15.358184814453125 661
1784393632584 16.178409576416016 662
1784393632586 14.133644104003906 663
1784393632587 17.484922409057617 664
1784393632589 15.396052360534668 665
1784393632591 14.543292999267578 666
1784393632593 18.12198257446289 667
1784393632595 17.459739685058594 668
1784393632597 15.00759506225586 669
1784393632599 17.248167037963867 670
1784393632600 15.889352798461914 671
1784393632602 13.780932426452637 672
1784393632604 18.503162384033203 673
1784393632606 15.367020606994629 674
1784393632608 16.60910415649414 675
1784393632610 16.507678985595703 676
1784393632611 15.51785945892334 677
1784393632613 12.720605850219727 678
1784393632615 15.242399215698242 679
1784393632616 13.27254867553711 680
1784393632618 13.767011642456055 681
1784393632620 14.274483680725098 682
1784393632622 14.784204483032227 683
1784393632623 14.250779151916504 684
1784393632625 15.711648941040039 685
1784393632627 13.73097038269043 686
1784393632629 16.179391860961914 687
1784393632631 13.383975982666016 688
1784393632633 14.725622177124023 689
1784393632635 14.886969566345215 690
1784393632636 13.30283260345459 691
1784393632638 15.314623832702637 692
1784393632640 16.01008415222168 693
1784393632642 12.186861038208008 694
1784393632644 14.668424606323242 695
1784393632646 11.703219413757324 696
1784393632648 13.335100173950195 697
1784393632650 13.02832317352295 698
1784393632652 14.121023178100586 699
1784393632654 15.058382034301758 700
1784393632655 12.429304122924805 701
1784393632657 14.789777755737305 702
1784393632659 14.279141426086426 703
1784393632661 14.371565818786621 704
1784393632663 13.386468887329102 705
1784393632665 16.109508514404297 706
1784393632667 14.63224983215332 707
1784393632669 16.251190185546875 708
1784393632671 16.580167770385742 709
1784393632673 15.31993293762207 710
1784393632675 17.072202682495117 711
1784393632677 14.36651611328125 712
1784393632678 14.524133682250977 713
1784393632680 14.056629180908203 714
1784393632682 16.47846031188965 715
1784393632684 15.123758316040039 716
1784393632685 16.85601806640625 717
1784393632687 14.891059875488281 718
1784393632689 15.578020095825195 719
1784393632691 17.818578720092773 720
1784393632692 13.946046829223633 721
1784393632695 19.999372482299805 722
1784393632696 14.353874206542969 723
1784393632698 19.548433303833008 724
1784393632700 19.03011131286621 725
1784393632702 13.369823455810547 726
1784393632704 17.636598587036133 727
1784393632706 13.06086254119873 728
1784393632708 16.6538143157959 729
1784393632710 14.202470779418945 730
1784393632712 14.297521591186523 731
1784393632714 13.791831016540527 732
1784393632715 13.179757118225098 733
1784393632717 12.633834838867188 734
1784393632719 14.879083633422852 735
1784393632721 12.306629180908203 736
1784393632723 15.813661575317383 737
1784393632725 12.605707168579102 738
1784393632727 14.101917266845703 739
1784393632729 15.097833633422852 740
1784393632731 14.756816864013672 741
1784393632732 15.362337112426758 742
1784393632734 12.738089561462402 743
1784393632736 16.262413024902344 744
1784393632737 15.687285423278809 745
1784393632739 13.895843505859375 746
1784393632741 17.412630081176758 747
1784393632743 16.915546417236328 748
1784393632744 15.710343360900879 749
1784393632746 17.23875617980957 750
1784393632749 14.409048080444336 751
1784393632750 14.759485244750977 752
1784393632752 16.754297256469727 753
1784393632754 14.635957717895508 754
1784393632755 16.20775604248047 755
1784393632757 15.549811363220215 756
1784393632759 14.165328025817871 757
1784393632761 15.323598861694336 758
1784393632762 14.33771800994873 759
1784393632764 15.979506492614746 760
1784393632766 16.71474838256836 761
1784393632768 16.277158737182617 762
1784393632770 19.11916732788086 763
1784393632772 15.355583190917969 764
1784393632774 17.537273406982422 765
1784393632776 18.36856460571289 766
1784393632778 13.874022483825684 767
1784393632780 16.881162643432617 768
1784393632782 12.683680534362793 769
1784393632784 18.04058074951172 770
1784393632786 15.050313949584961 771
1784393632787 14.92961311340332 772
1784393632789 14.75503158569336 773
1784393632791 13.822961807250977 774
1784393632793 17.159900665283203 775
1784393632795 15.044539451599121 776
1784393632797 13.960991859436035 777
1784393632799 18.369808197021484 778
1784393632801 17.61386489868164 779
1784393632803 15.399946212768555 780
1784393632804 17.171398162841797 781
1784393632806 16.328927993774414 782
1784393632808 13.991358757019043 783
1784393632810 16.52861976623535 784
1784393632811 14.132231712341309 785
1784393632813 15.829602241516113 786
1784393632815 16.908477783203125 787
1784393632816 13.735738754272461 788
1784393632818 15.738242149353027 789
1784393632820 17.279727935791016 790
1784393632822 14.027359962463379 791
1784393632824 17.842472076416016 792
1784393632825 18.008100509643555 793
1784393632827 12.390284538269043 794
1784393632829 14.20846939086914 795
1784393632831 14.260239601135254 796
1784393632834 16.196596145629883 797
1784393632836 15.305299758911133 798
1784393632837 15.269309043884277 799
1784393632839 17.666812896728516 800
1784393632841 15.029497146606445 801
1784393632843 16.696212768554688 802
1784393632845 16.750974655151367 803
1784393632847 15.131264686584473 804
1784393632848 15.926779747009277 805
1784393632850 14.860936164855957 806
1784393632852 13.77960205078125 807
1784393632854 15.062365531921387 808
1784393632856 14.389617919921875 809
1784393632858 14.290997505187988 810
1784393632860 13.401253700256348 811
1784393632861 13.646322250366211 812
1784393632863 12.97342586517334 813
1784393632865 14.610976219177246 814
1784393632867 13.557379722595215 815
1784393632869 15.096022605895996 816
1784393632871 14.526895523071289 817
1784393632873 12.983619689941406 818
1784393632875 13.364718437194824 819
1784393632877 11.660207748413086 820
1784393632878 15.22370719909668 821
1784393632880 15.150046348571777 822
1784393632882 13.315993309020996 823
1784393632884 17.281536102294922 824
1784393632886 14.305763244628906 825
1784393632888 16.854448318481445 826
1784393632890 19.30744171142578 827
1784393632891 15.893077850341797 828
1784393632893 17.983665466308594 829
1784393632895 18.07551383972168 830
1784393632896 17.98137664794922 831
1784393632898 17.388004302978516 832
1784393632900 17.18297576904297 833
1784393632902 18.129627227783203 834
1784393632904 14.314483642578125 835
1784393632906 18.632762908935547 836
1784393632907 18.594676971435547 837
1784393632909 14.306632041931152 838
1784393632911 18.122690200805664 839
1784393632913 14.065168380737305 840
1784393632914 14.949653625488281 841
1784393632916 17.610397338867188 842
1784393632918 13.02226734161377 843
1784393632920 13.75649642944336 844
1784393632921 14.038413047790527 845
1784393632923 13.297602653503418 846
1784393632925 14.185543060302734 847
1784393632927 11.448586463928223 848
1784393632929 12.397984504699707 849
1784393632930 11.736180305480957 850
1784393632932 11.90196418762207 851
1784393632934 12.884360313415527 852
1784393632936 12.723090171813965 853
1784393632937 14.154077529907227 854
1784393632939 11.83185863494873 855
1784393632941 14.902183532714844 856
1784393632943 14.319077491760254 857
1784393632944 14.751113891601562 858
1784393632946 14.338211059570312 859
1784393632948 13.177803039550781 860
1784393632950 13.907363891601562 861
1784393632952 14.131179809570312 862
1784393632954 13.952285766601562 863
1784393632956 15.199342727661133 864
1784393632957 12.439828872680664 865
1784393632959 13.801112174987793 866
1784393632961 13.087564468383789 867
1784393632963 14.129690170288086 868
1784393632965 12.537359237670898 869
1784393632967 13.92502498626709 870
1784393632969 11.551118850708008 871
1784393632970 16.28936767578125 872
1784393632972 13.149612426757812 873
1784393632974 17.842639923095703 874
1784393632976 15.376565933227539 875
1784393632978 15.05968189239502 876
1784393632979 17.374385833740234 877
1784393632981 13.458187103271484 878
1784393632983 16.815332412719727 879
1784393632985 17.81827735900879 880
1784393632987 14.45819091796875 881
1784393632989 17.226497650146484 882
1784393632991 13.509485244750977 883
1784393632992 17.66213035583496 884
1784393632994 15.742429733276367 885
1784393632996 14.087505340576172 886
1784393632998 13.4163179397583 887
1784393632999 13.5044527053833 888
1784393633001 14.383362770080566 889
1784393633004 13.43807601928711 890
1784393633006 16.30712127685547 891
1784393633008 16.663738250732422 892
1784393633010 14.718036651611328 893
1784393633012 13.627877235412598 894
1784393633014 11.662274360656738 895
1784393633016 13.018779754638672 896
1784393633018 11.981693267822266 897
1784393633019 13.670122146606445 898
1784393633022 10.132772445678711 899
1784393633023 15.176092147827148 900
1784393633025 11.044282913208008 901
1784393633028 16.803312301635742 902
1784393633030 16.63739013671875 903
1784393633032 13.73735237121582 904
1784393633033 16.989456176757812 905
1784393633035 15.531034469604492 906
1784393633037 17.621868133544922 907
1784393633038 14.245113372802734 908
1784393633040 16.725313186645508 909
1784393633042 14.072690963745117 910
1784393633043 13.385784149169922 911
1784393633046 14.938451766967773 912
1784393633047 13.2804536819458 913
1784393633049 13.475057601928711 914
1784393633051 13.968944549560547 915
1784393633053 14.507996559143066 916
1784393633054 12.63827133178711 917
1784393633056 13.993083953857422 918
1784393633058 12.880245208740234 919
1784393633059 14.163716316223145 920
1784393633061 12.838579177856445 921
1784393633063 14.136565208435059 922
1784393633065 15.561809539794922 923
1784393633066 12.600166320800781 924
1784393633068 15.583144187927246 925
1784393633070 13.832709312438965 926
1784393633072 13.664139747619629 927
1784393633073 15.545839309692383 928
1784393633075 14.927535057067871 929
1784393633077 14.038932800292969 930
1784393633079 13.558871269226074 931
1784393633080 14.056950569152832 932
1784393633082 12.927572250366211 933
1784393633084 15.740689277648926 934
1784393633093 14.342055320739746 935
1784393633095 13.243602752685547 936
1784393633096 14.69825553894043 937
1784393633098 13.03979206085205 938
1784393633100 15.692036628723145 939
1784393633102 13.285577774047852 940
1784393633103 13.464706420898438 941
1784393633105 14.202022552490234 942
1784393633107 12.395411491394043 943
1784393633109 13.02617073059082 944
1784393633110 13.514495849609375 945
1784393633112 13.055614471435547 946
1784393633114 13.085247993469238 947
1784393633116 12.967061996459961 948
1784393633118 13.783248901367188 949
1784393633119 14.70892333984375 950
1784393633121 12.898900032043457 951
1784393633124 14.055109977722168 952
1784393633126 14.514275550842285 953
1784393633128 14.944189071655273 954
1784393633130 15.925427436828613 955
1784393633132 16.90353775024414 956
1784393633134 14.040332794189453 957
1784393633136 19.2175235748291 958
1784393633137 15.047189712524414 959
1784393633139 16.307655334472656 960
1784393633141 17.531030654907227 961
1784393633143 12.129190444946289 962
1784393633145 19.4266357421875 963
1784393633147 17.53040885925293 964
1784393633149 16.58392333984375 965
1784393633151 16.21684455871582 966
1784393633153 15.385180473327637 967
1784393633154 12.85563850402832 968
1784393633156 16.328184127807617 969
1784393633158 14.04072380065918 970
1784393633160 13.891518592834473 971
1784393633162 15.956422805786133 972
1784393633163 16.25579071044922 973
1784393633165 14.492313385009766 974
1784393633167 16.080646514892578 975
1784393633169 13.458569526672363 976
1784393633170 15.463387489318848 977
1784393633172 11.66457748413086 978
1784393633174 14.094099998474121 979
1784393633176 14.436224937438965 980
1784393633178 12.263372421264648 981
1784393633179 14.900245666503906 982
1784393633181 13.28821086883545 983
1784393633183 12.92065143585205 984
1784393633185 15.440321922302246 985
1784393633186 15.48870849609375 986
1784393633188 13.852785110473633 987
1784393633190 16.034488677978516 988
1784393633192 12.56029224395752 989
1784393633193 15.122679710388184 990
1784393633195 14.772992134094238 991
1784393633197 13.978621482849121 992
1784393633199 16.978683471679688 993
1784393633201 13.803084373474121 994
1784393633203 18.170366287231445 995
1784393633205 15.325948715209961 996
1784393633206 12.929239273071289 997
1784393633208 13.737449645996094 998
1784393633210 15.687040328979492 999
1784393633212 17.226993560791016 1000
1784393633213 14.569503784179688 1001
1784393633215 16.962970733642578 1002
1784393633217 15.837465286254883 1003
1784393633218 13.100160598754883 1004
1784393633220 17.88951873779297 1005
1784393633222 14.49952220916748 1006
1784393633224 13.867698669433594 1007
1784393633226 13.661181449890137 1008
1784393633228 13.653678894042969 1009
1784393633229 14.883101463317871 1010
1784393633231 15.5281400680542 1011
1784393633233 14.410004615783691 1012
1784393633235 13.009126663208008 1013
1784393633237 14.6624174118042 1014
1784393633238 13.040987014770508 1015
1784393633240 12.654646873474121 1016
1784393633242 14.155107498168945 1017
1784393633243 14.735479354858398 1018
1784393633245 13.944900512695312 1019
1784393633247 13.335010528564453 1020
1784393633249 14.114383697509766 1021
1784393633250 14.283477783203125 1022
1784393633252 14.277998924255371 1023
1784393633254 14.729715347290039 1024
1784393633256 14.70776653289795 1025
1784393633257 14.613957405090332 1026
1784393633259 13.810951232910156 1027
1784393633260 11.865578651428223 1028
1784393633262 14.61539077758789 1029
1784393633264 13.098587036132812 1030
1784393633266 13.84674072265625 1031
1784393633267 13.07470417022705 1032
1784393633270 12.157509803771973 1033
1784393633271 13.337956428527832 1034
1784393633273 11.519597053527832 1035
1784393633275 12.741830825805664 1036
1784393633277 13.885736465454102 1037
1784393633278 11.806793212890625 1038
1784393633280 13.395500183105469 1039
1784393633282 11.599961280822754 1040
1784393633284 11.349042892456055 1041
1784393633285 12.259393692016602 1042
1784393633287 11.703412055969238 1043
1784393633289 11.314652442932129 1044
1784393633291 11.888555526733398 1045
1784393633292 10.688694953918457 1046
1784393633294 11.661208152770996 1047
1784393633296 12.37790298461914 1048
1784393633297 13.814857482910156 1049
1784393633299 13.161025047302246 1050
1784393633301 15.020065307617188 1051
1784393633302 13.410882949829102 1052
1784393633304 13.23251724243164 1053
1784393633306 16.956436157226562 1054
1784393633308 12.189852714538574 1055
1784393633310 14.137787818908691 1056
1784393633312 12.661113739013672 1057
1784393633314 13.028392791748047 1058
1784393633316 13.081348419189453 1059
1784393633318 17.0596981048584 1060
1784393633320 14.10711669921875 1061
1784393633321 14.71168041229248 1062
1784393633323 15.014497756958008 1063
1784393633325 14.801445007324219 1064
1784393633327 16.29429054260254 1065
1784393633329 16.29975128173828 1066
1784393633332 12.938362121582031 1067
1784393633333 15.199447631835938 1068
1784393633335 18.128368377685547 1069
1784393633338 13.1116361618042 1070
1784393633339 17.714984893798828 1071
1784393633341 17.55024528503418 1072
1784393633344 14.203804016113281 1073
1784393633345 14.66687297821045 1074
1784393633347 14.448921203613281 1075
1784393633349 13.794238090515137 1076
1784393633351 14.149885177612305 1077
1784393633353 12.53752326965332 1078
1784393633355 12.482155799865723 1079
1784393633357 15.635356903076172 1080
1784393633359 10.806700706481934 1081
1784393633361 15.57771110534668 1082
1784393633363 13.1216459274292 1083
1784393633365 14.110147476196289 1084
1784393633367 15.715934753417969 1085
1784393633369 15.87789535522461 1086
1784393633371 16.840118408203125 1087
1784393633373 16.029253005981445 1088
1784393633375 14.587854385375977 1089
1784393633377 17.56683349609375 1090
1784393633379 15.40545654296875 1091
1784393633381 15.306394577026367 1092
1784393633382 17.441301345825195 1093
1784393633384 14.900787353515625 1094
1784393633386 18.448915481567383 1095
1784393633390 16.349889755249023 1096
1784393633392 14.268634796142578 1097
1784393633394 16.634214401245117 1098
1784393633395 14.168966293334961 1099
1784393633397 18.25948715209961 1100
1784393633399 16.7526798248291 1101
1784393633400 14.672433853149414 1102
1784393633402 17.192310333251953 1103
1784393633404 16.022327423095703 1104
1784393633406 17.366649627685547 1105
1784393633408 13.841273307800293 1106
1784393633410 16.601985931396484 1107
1784393633411 15.116214752197266 1108
1784393633413 14.57664680480957 1109
1784393633415 14.155938148498535 1110
1784393633417 13.434219360351562 1111
1784393633418 13.71280288696289 1112
1784393633420 14.382248878479004 1113
1784393633422 15.379752159118652 1114
1784393633424 13.963118553161621 1115
1784393633426 16.91476821899414 1116
1784393633428 13.486106872558594 1117
1784393633429 15.3893461227417 1118
1784393633431 17.095813751220703 1119
1784393633433 14.219191551208496 1120
1784393633435 18.27968406677246 1121
1784393633436 20.180530548095703 1122
1784393633438 15.64326000213623 1123
1784393633440 18.328380584716797 1124
1784393633442 20.12408447265625 1125
1784393633443 14.230212211608887 1126
1784393633445 17.263458251953125 1127
1784393633447 16.701631546020508 1128
1784393633448 16.674036026000977 1129
1784393633450 17.75499153137207 1130
1784393633452 13.850616455078125 1131
1784393633454 17.812076568603516 1132
1784393633455 14.077583312988281 1133
1784393633458 15.19982624053955 1134
1784393633459 17.853620529174805 1135
1784393633461 12.35932731628418 1136
1784393633463 16.411605834960938 1137
1784393633465 15.648781776428223 1138
1784393633466 15.399730682373047 1139
1784393633468 17.235015869140625 1140
1784393633470 13.620376586914062 1141
1784393633472 17.446935653686523 1142
1784393633473 13.081210136413574 1143
1784393633475 16.636167526245117 1144
1784393633477 17.002904891967773 1145
1784393633478 12.579310417175293 1146
1784393633480 14.944727897644043 1147
1784393633482 12.245819091796875 1148
1784393633484 12.15162181854248 1149
1784393633485 14.136606216430664 1150
1784393633487 14.812432289123535 1151
1784393633489 12.344423294067383 1152
1784393633491 14.960686683654785 1153
1784393633493 13.81396770477295 1154
1784393633494 15.484700202941895 1155
1784393633496 15.512094497680664 1156
1784393633498 12.767255783081055 1157
1784393633499 12.240703582763672 1158
1784393633501 14.186198234558105 1159
1784393633503 11.387088775634766 1160
1784393633504 15.35448169708252 1161
1784393633507 13.330883026123047 1162
1784393633509 15.248417854309082 1163
1784393633511 15.240346908569336 1164
1784393633513 13.122041702270508 1165
1784393633515 13.582934379577637 1166
1784393633517 11.688098907470703 1167
1784393633519 12.980233192443848 1168
1784393633520 12.375200271606445 1169
1784393633522 12.652055740356445 1170
1784393633524 13.49161148071289 1171
1784393633526 13.670185089111328 1172
1784393633528 12.808825492858887 1173
1784393633530 12.514676094055176 1174
1784393633532 11.156929016113281 1175
1784393633533 12.467387199401855 1176
1784393633535 12.59094524383545 1177
1784393633537 12.652997970581055 1178
1784393633539 15.43260383605957 1179
1784393633541 14.429972648620605 1180
1784393633543 13.244359016418457 1181
1784393633545 14.737905502319336 1182
1784393633546 14.555286407470703 1183
1784393633548 13.551128387451172 1184
1784393633550 14.231549263000488 1185
1784393633552 14.551797866821289 1186
1784393633553 13.486279487609863 1187
1784393633555 15.225378036499023 1188
1784393633557 14.488202095031738 1189
1784393633558 16.61359214782715 1190
1784393633561 16.94135856628418 1191
1784393633562 13.663538932800293 1192
1784393633564 16.946575164794922 1193
1784393633566 15.474223136901855 1194
1784393633568 15.883904457092285 1195
1784393633569 18.328107833862305 1196
1784393633571 14.92332649230957 1197
1784393633573 16.679458618164062 1198
1784393633575 15.974569320678711 1199
1784393633576 15.527599334716797 1200
1784393633578 17.244243621826172 1201
1784393633580 19.39661407470703 1202
1784393633581 15.647652626037598 1203
1784393633583 17.319229125976562 1204
1784393633585 18.878292083740234 1205
1784393633587 18.19430160522461 1206
1784393633589 17.061555862426758 1207
1784393633591 17.38509750366211 1208
1784393633593 17.328582763671875 1209
1784393633595 15.094987869262695 1210
1784393633597 17.40582275390625 1211
1784393633599 14.244997024536133 1212
1784393633601 14.8865327835083 1213
1784393633604 16.038923263549805 1214
1784393633606 13.993508338928223 1215
1784393633608 13.125448226928711 1216
1784393633610 12.963011741638184 1217
1784393633612 12.183977127075195 1218
1784393633614 13.598093032836914 1219
1784393633616 12.844104766845703 1220
1784393633617 12.529701232910156 1221
1784393633619 13.559077262878418 1222
1784393633621 14.658977508544922 1223
1784393633623 13.69040298461914 1224
1784393633625 14.099552154541016 1225
1784393633627 13.362025260925293 1226
1784393633629 12.93040657043457 1227
1784393633631 13.562463760375977 1228
1784393633633 12.726454734802246 1229
1784393633635 13.412378311157227 1230
1784393633636 14.943495750427246 1231
1784393633638 12.254426002502441 1232
1784393633640 16.76345443725586 1233
1784393633641 16.125638961791992 1234
1784393633643 15.049830436706543 1235
1784393633645 18.020397186279297 1236
1784393633647 16.902719497680664 1237
1784393633648 16.264291763305664 1238
1784393633650 12.048139572143555 1239
1784393633652 15.85374641418457 1240
1784393633654 14.902456283569336 1241
1784393633655 13.132823944091797 1242
1784393633657 15.170382499694824 1243
1784393633659 15.655876159667969 1244
1784393633660 14.268523216247559 1245
1784393633662 13.288485527038574 1246
1784393633664 14.063797950744629 1247
1784393633666 15.471802711486816 1248
1784393633668 16.030534744262695 1249
1784393633670 13.944964408874512 1250
1784393633672 16.45061492919922 1251
1784393633673 16.832927703857422 1252
1784393633675 16.770917892456055 1253
1784393633677 14.20791244506836 1254
1784393633679 14.467334747314453 1255
1784393633680 14.283426284790039 1256
1784393633682 13.774640083312988 1257
1784393633684 13.490042686462402 1258
1784393633686 10.916316986083984 1259
1784393633689 16.543912887573242 1260
1784393633690 14.122861862182617 1261
1784393633692 15.148628234863281 1262
1784393633694 14.819936752319336 1263
1784393633696 13.670069694519043 1264
1784393633698 14.97313404083252 1265
1784393633700 15.118538856506348 1266
1784393633701 13.858735084533691 1267
1784393633703 14.444405555725098 1268
1784393633705 13.412782669067383 1269
1784393633707 14.412836074829102 1270
1784393633709 14.500612258911133 1271
1784393633711 13.24010944366455 1272
1784393633713 14.14382553100586 1273
1784393633715 12.84732437133789 1274
1784393633717 14.367777824401855 1275
1784393633719 15.292445182800293 1276
1784393633721 12.848723411560059 1277
1784393633722 14.004520416259766 1278
1784393633724 15.543278694152832 1279
1784393633726 11.333929061889648 1280
1784393633728 15.41633415222168 1281
1784393633730 16.01288604736328 1282
1784393633732 13.484621047973633 1283
1784393633733 15.979592323303223 1284
1784393633735 14.129697799682617 1285
1784393633737 14.180010795593262 1286
1784393633739 15.932584762573242 1287
1784393633741 12.129809379577637 1288
1784393633743 14.145966529846191 1289
1784393633745 15.121795654296875 1290
1784393633746 13.383737564086914 1291
1784393633749 16.97235107421875 1292
1784393633750 15.822002410888672 1293
1784393633752 13.04426383972168 1294
1784393633754 16.708078384399414 1295
1784393633756 18.53343391418457 1296
1784393633757 15.892645835876465 1297
1784393633759 18.716386795043945 1298
1784393633761 16.401355743408203 1299
1784393633763 13.240726470947266 1300
1784393633764 14.765633583068848 1301
1784393633766 13.233336448669434 1302
1784393633768 13.232537269592285 1303
1784393633770 12.425420761108398 1304
1784393633772 11.898685455322266 1305
1784393633774 11.675704002380371 1306
1784393633776 14.141560554504395 1307
1784393633777 12.035055160522461 1308
1784393633779 11.810090065002441 1309
1784393633781 11.148523330688477 1310
1784393633783 13.019189834594727 1311
1784393633785 13.577546119689941 1312
1784393633787 12.895909309387207 1313
1784393633789 13.791601181030273 1314
1784393633791 12.992698669433594 1315
1784393633793 16.19663429260254 1316
1784393633795 15.58980941772461 1317
1784393633797 13.455599784851074 1318
1784393633800 15.777972221374512 1319
1784393633802 14.467167854309082 1320
1784393633804 12.82414722442627 1321
1784393633806 14.48944091796875 1322
1784393633808 14.862109184265137 1323
1784393633810 12.69333267211914 1324
1784393633812 13.031194686889648 1325
1784393633814 12.165717124938965 1326
1784393633816 13.458560943603516 1327
1784393633818 16.33089828491211 1328
1784393633820 14.265630722045898 1329
1784393633823 17.00437355041504 1330
1784393633824 15.361846923828125 1331
1784393633826 14.965697288513184 1332
1784393633828 14.728782653808594 1333
1784393633830 15.154455184936523 1334
1784393633831 14.512136459350586 1335
1784393633833 13.944099426269531 1336
1784393633835 13.478854179382324 1337
1784393633836 14.600035667419434 1338
1784393633838 12.260221481323242 1339
1784393633840 12.605433464050293 1340
1784393633842 12.637358665466309 1341
1784393633844 11.923040390014648 1342
1784393633846 12.909564971923828 1343
1784393633848 11.382231712341309 1344
1784393633849 15.375941276550293 1345
1784393633851 12.652925491333008 1346
1784393633853 12.607946395874023 1347
1784393633855 13.593866348266602 1348
1784393633857 10.29616928100586 1349
1784393633858 12.85866928100586 1350
1784393633860 12.122344970703125 1351
1784393633862 13.50832748413086 1352
1784393633863 14.81318473815918 1353
1784393633865 15.891548156738281 1354
1784393633867 14.188926696777344 1355
1784393633869 14.40257453918457 1356
1784393633871 11.106901168823242 1357
1784393633873 16.72669219970703 1358
1784393633874 12.747148513793945 1359
1784393633876 16.117616653442383 1360
1784393633878 15.79030990600586 1361
1784393633880 11.275568962097168 1362
1784393633882 15.820953369140625 1363
1784393633884 13.73653507232666 1364
1784393633885 13.105117797851562 1365
1784393633887 15.488761901855469 1366
1784393633889 12.619704246520996 1367
1784393633891 15.322184562683105 1368
1784393633893 13.096036911010742 1369
1784393633895 15.996689796447754 1370
1784393633896 14.696203231811523 1371
1784393633898 12.414630889892578 1372
1784393633900 13.583279609680176 1373
1784393633901 13.603206634521484 1374
1784393633903 11.83398151397705 1375
1784393633905 15.806092262268066 1376
1784393633907 11.576311111450195 1377
1784393633909 16.172168731689453 1378
1784393633910 18.25174903869629 1379
1784393633912 13.41091537475586 1380
1784393633914 19.737796783447266 1381
1784393633916 20.305578231811523 1382
1784393633918 15.351927757263184 1383
1784393633920 16.97195053100586 1384
1784393633921 18.297134399414062 1385
1784393633923 15.078248977661133 1386
1784393633925 16.39153289794922 1387
1784393633927 15.705753326416016 1388
1784393633929 15.450450897216797 1389
1784393633931 17.01612091064453 1390
1784393633933 15.411112785339355 1391
1784393633935 16.02490997314453 1392
1784393633937 13.280708312988281 1393
1784393633939 17.84064483642578 1394
1784393633941 15.282279014587402 1395
1784393633943 15.285083770751953 1396
1784393633945 13.879316329956055 1397
1784393633947 14.7201509475708 1398
1784393633949 14.426155090332031 1399
1784393633951 12.848894119262695 1400
1784393633952 16.105175018310547 1401
1784393633954 13.025163650512695 1402
1784393633956 13.505170822143555 1403
1784393633958 16.213674545288086 1404
1784393633960 12.131998062133789 1405
1784393633962 18.460424423217773 1406
1784393633964 13.954879760742188 1407
1784393633966 15.502076148986816 1408
1784393633968 12.985164642333984 1409
1784393633969 14.036544799804688 1410
1784393633971 15.633676528930664 1411
1784393633973 15.134207725524902 1412
1784393633974 15.439774513244629 1413
1784393633976 14.42753791809082 1414
1784393633978 15.843568801879883 1415
1784393633979 16.093475341796875 1416
1784393633981 16.38135528564453 1417
1784393633983 12.56466293334961 1418
1784393633985 16.501129150390625 1419
1784393633986 16.03668212890625 1420
1784393633988 13.509033203125 1421
1784393633990 14.930404663085938 1422
1784393633992 17.59682273864746 1423
1784393633994 13.657262802124023 1424
1784393633995 11.297991752624512 1425
1784393633997 15.221733093261719 1426
1784393633999 12.606022834777832 1427
1784393634001 13.885490417480469 1428
1784393634003 12.673104286193848 1429
1784393634005 12.298661231994629 1430
1784393634007 13.707138061523438 1431
1784393634009 11.460275650024414 1432
1784393634011 11.611316680908203 1433
1784393634013 13.086162567138672 1434
1784393634016 12.65373420715332 1435
1784393634017 10.453971862792969 1436
1784393634019 14.849777221679688 1437
1784393634021 10.428261756896973 1438
1784393634023 14.861265182495117 1439
1784393634025 14.314236640930176 1440
1784393634027 12.929973602294922 1441
1784393634029 15.186073303222656 1442
1784393634030 12.643400192260742 1443
1784393634032 11.388603210449219 1444
1784393634034 12.26881217956543 1445
1784393634036 11.631324768066406 1446
1784393634037 10.850971221923828 1447
1784393634039 10.138921737670898 1448
1784393634041 10.291223526000977 1449
1784393634042 10.095844268798828 1450
1784393634044 10.0525541305542 1451
1784393634046 10.403002738952637 1452
1784393634048 9.720525741577148 1453
1784393634049 11.801440238952637 1454
1784393634052 12.672520637512207 1455
1784393634053 10.391036987304688 1456
1784393634055 14.100481986999512 1457
1784393634057 11.554520606994629 1458
1784393634059 13.209359169006348 1459
1784393634061 15.590414047241211 1460
1784393634062 12.141632080078125 1461
1784393634065 15.721086502075195 1462
1784393634066 14.849300384521484 1463
1784393634068 12.473274230957031 1464
1784393634070 14.21847152709961 1465
1784393634072 11.059385299682617 1466
1784393634089 14.247096061706543 1467
1784393634091 13.81930160522461 1468
1784393634093 11.581071853637695 1469
1784393634095 14.122014045715332 1470
1784393634097 13.428936958312988 1471
1784393634099 11.68774700164795 1472
1784393634101 12.796525955200195 1473
1784393634102 12.212850570678711 1474
1784393634104 12.365077018737793 1475
1784393634106 13.669950485229492 1476
1784393634108 12.533053398132324 1477
1784393634109 13.319253921508789 1478
1784393634111 12.484810829162598 1479
1784393634113 11.66796588897705 1480
1784393634115 13.355880737304688 1481
1784393634116 12.332656860351562 1482
1784393634118 15.6198148727417 1483
1784393634120 15.176132202148438 1484
1784393634122 11.70968246459961 1485
1784393634123 14.923066139221191 1486
1784393634125 13.151386260986328 1487
1784393634127 15.517254829406738 1488
1784393634129 12.877681732177734 1489
1784393634131 13.649428367614746 1490
1784393634133 10.880768775939941 1491
1784393634135 12.941433906555176 1492
1784393634137 12.787029266357422 1493
1784393634139 12.815167427062988 1494
1784393634140 12.26449203491211 1495
1784393634142 13.630643844604492 1496
1784393634144 13.896257400512695 1497
1784393634146 11.974915504455566 1498
1784393634148 12.271892547607422 1499
1784393634149 9.565093040466309 1500
1784393634151 11.67414379119873 1501
1784393634153 11.495987892150879 1502
1784393634154 12.121337890625 1503
1784393634156 14.213313102722168 1504
1784393634158 10.662649154663086 1505
1784393634159 15.302827835083008 1506
1784393634161 13.967254638671875 1507
1784393634163 13.602702140808105 1508
1784393634164 17.06789207458496 1509
1784393634166 11.965883255004883 1510
1784393634168 13.410602569580078 1511
1784393634170 13.551163673400879 1512
1784393634172 13.323463439941406 1513
1784393634173 14.443120956420898 1514
1784393634175 13.327381134033203 1515
1784393634177 13.869159698486328 1516
1784393634179 11.903733253479004 1517
1784393634181 12.12224006652832 1518
1784393634182 12.49671745300293 1519
1784393634184 12.031364440917969 1520
1784393634186 11.49226188659668 1521
1784393634188 12.53000259399414 1522
1784393634190 12.050806999206543 1523
1784393634192 11.348372459411621 1524
1784393634194 12.89526081085205 1525
1784393634195 10.425230026245117 1526
1784393634197 11.990440368652344 1527
1784393634199 10.490341186523438 1528
1784393634202 16.355449676513672 1529
1784393634204 10.911561965942383 1530
1784393634206 13.121329307556152 1531
1784393634207 13.43562126159668 1532
1784393634209 10.75423812866211 1533
1784393634211 13.843162536621094 1534
1784393634212 11.929179191589355 1535
1784393634214 13.17866325378418 1536
1784393634216 13.252387046813965 1537
1784393634217 11.538094520568848 1538
1784393634219 13.348773956298828 1539
1784393634221 12.699911117553711 1540
1784393634223 14.051152229309082 1541
1784393634225 13.808945655822754 1542
1784393634227 12.982259750366211 1543
1784393634229 13.173978805541992 1544
1784393634230 12.843499183654785 1545
1784393634232 11.428180694580078 1546
1784393634234 10.727575302124023 1547
1784393634236 11.515148162841797 1548
1784393634238 10.9141206741333 1549
1784393634239 11.18105697631836 1550
1784393634241 11.053032875061035 1551
1784393634243 11.210220336914062 1552
1784393634245 11.209593772888184 1553
1784393634247 12.702906608581543 1554
1784393634249 13.1148099899292 1555
1784393634251 11.817093849182129 1556
1784393634253 13.499235153198242 1557
1784393634254 15.631175994873047 1558
1784393634256 13.38575267791748 1559
1784393634258 13.655342102050781 1560
1784393634260 15.249103546142578 1561
1784393634261 13.229950904846191 1562
1784393634263 14.765817642211914 1563
1784393634265 18.60972785949707 1564
1784393634267 12.077167510986328 1565
1784393634268 17.80657386779785 1566
1784393634270 17.992982864379883 1567
1784393634272 13.500786781311035 1568
1784393634274 14.370009422302246 1569
1784393634276 13.80739688873291 1570
1784393634278 14.511569023132324 1571
1784393634279 13.490405082702637 1572
1784393634281 15.111698150634766 1573
1784393634283 15.227497100830078 1574
1784393634286 12.733216285705566 1575
1784393634288 16.026350021362305 1576
1784393634290 13.916489601135254 1577
1784393634291 15.336861610412598 1578
1784393634293 15.993745803833008 1579
1784393634295 14.164384841918945 1580
1784393634296 14.485949516296387 1581
1784393634298 15.890509605407715 1582
1784393634300 14.28418254852295 1583
1784393634302 14.807011604309082 1584
1784393634304 14.19444465637207 1585
1784393634306 15.327783584594727 1586
1784393634308 17.442148208618164 1587
1784393634310 14.823735237121582 1588
1784393634312 13.596302032470703 1589
1784393634314 14.713348388671875 1590
1784393634316 13.027469635009766 1591
1784393634317 12.1130952835083 1592
1784393634319 11.886823654174805 1593
1784393634321 12.484882354736328 1594
1784393634323 12.522912979125977 1595
1784393634325 12.597477912902832 1596
1784393634327 11.923548698425293 1597
1784393634329 13.361047744750977 1598
1784393634330 11.913969993591309 1599
1784393634332 13.871075630187988 1600
1784393634334 12.627299308776855 1601
1784393634335 13.0075044631958 1602
1784393634337 14.61693000793457 1603
1784393634339 13.869531631469727 1604
1784393634340 15.237838745117188 1605
1784393634342 15.792652130126953 1606
1784393634344 12.768532752990723 1607
1784393634346 19.221860885620117 1608
1784393634347 16.999969482421875 1609
1784393634350 14.198273658752441 1610
1784393634351 18.204938888549805 1611
1784393634353 14.68243408203125 1612
1784393634355 17.119613647460938 1613
1784393634357 24.55344581604004 1614
1784393634359 14.715788841247559 1615
1784393634361 17.668466567993164 1616
1784393634363 22.141233444213867 1617
1784393634365 14.406789779663086 1618
1784393634367 17.898447036743164 1619
1784393634369 14.873130798339844 1620
1784393634371 18.210323333740234 1621
1784393634373 17.126123428344727 1622
1784393634375 16.23704719543457 1623
1784393634376 18.833415985107422 1624
1784393634378 14.805794715881348 1625
1784393634380 16.406055450439453 1626
1784393634382 15.624703407287598 1627
1784393634384 12.477757453918457 1628
1784393634386 14.964099884033203 1629
1784393634388 14.067744255065918 1630
1784393634390 14.05640697479248 1631
1784393634392 17.087379455566406 1632
1784393634394 13.507248878479004 1633
1784393634396 15.064108848571777 1634
1784393634398 13.513520240783691 1635
1784393634400 15.846656799316406 1636
1784393634401 13.844762802124023 1637
1784393634404 13.927021980285645 1638
1784393634405 14.444122314453125 1639
1784393634407 14.26219367980957 1640
1784393634409 14.840665817260742 1641
1784393634411 14.192437171936035 1642
1784393634413 15.908623695373535 1643
1784393634415 13.91446304321289 1644
1784393634416 13.931868553161621 1645
1784393634418 14.170248985290527 1646
1784393634420 12.310218811035156 1647
1784393634422 12.011523246765137 1648
1784393634424 12.992374420166016 1649
1784393634426 14.328566551208496 1650
1784393634428 11.136161804199219 1651
1784393634430 14.608342170715332 1652
1784393634432 11.370631217956543 1653
1784393634434 12.517057418823242 1654
1784393634436 14.800874710083008 1655
1784393634438 14.7105712890625 1656
1784393634440 14.826578140258789 1657
1784393634441 11.661632537841797 1658
1784393634443 14.937407493591309 1659
1784393634445 10.840141296386719 1660
1784393634447 14.478724479675293 1661
1784393634448 17.556812286376953 1662
1784393634450 12.704036712646484 1663
1784393634452 16.651193618774414 1664
1784393634454 12.949836730957031 1665
1784393634456 14.170007705688477 1666
1784393634458 11.81567668914795 1667
1784393634460 16.316600799560547 1668
1784393634461 12.57814884185791 1669
1784393634463 14.828642845153809 1670
1784393634465 15.553999900817871 1671
1784393634467 12.187152862548828 1672
1784393634469 16.274965286254883 1673
1784393634471 16.29658317565918 1674
1784393634473 13.922405242919922 1675
1784393634475 17.387388229370117 1676
1784393634477 15.560249328613281 1677
1784393634479 15.715373039245605 1678
1784393634480 17.90487289428711 1679
1784393634482 19.570411682128906 1680
1784393634484 16.576465606689453 1681
1784393634486 15.203489303588867 1682
1784393634488 15.426543235778809 1683
1784393634490 13.592735290527344 1684
1784393634492 15.318912506103516 1685
1784393634494 14.265958786010742 1686
1784393634496 14.978705406188965 1687
1784393634498 15.47282600402832 1688
1784393634500 13.050270080566406 1689
1784393634502 14.240263938903809 1690
1784393634504 12.744145393371582 1691
1784393634506 14.003255844116211 1692
1784393634508 11.390642166137695 1693
1784393634510 10.658585548400879 1694
1784393634513 12.492035865783691 1695
1784393634515 12.553552627563477 1696
1784393634516 12.01420783996582 1697
1784393634519 14.24890422821045 1698
1784393634521 11.63613224029541 1699
1784393634523 12.666090965270996 1700
1784393634525 12.683331489562988 1701
1784393634527 11.229887008666992 1702
1784393634529 13.114177703857422 1703
1784393634532 11.862061500549316 1704
1784393634534 12.186651229858398 1705
1784393634536 12.399186134338379 1706
1784393634538 11.781722068786621 1707
1784393634540 15.212733268737793 1708
1784393634543 10.612821578979492 1709
1784393634545 14.402421951293945 1710
1784393634548 14.768117904663086 1711
1784393634551 14.254254341125488 1712
1784393634553 16.099306106567383 1713
1784393634556 13.422738075256348 1714
1784393634558 12.374950408935547 1715
1784393634561 13.578479766845703 1716
1784393634563 12.724589347839355 1717
1784393634566 12.728507995605469 1718
1784393634568 14.163290023803711 1719
1784393634570 13.355619430541992 1720
1784393634572 15.147561073303223 1721
1784393634574 15.32478141784668 1722
1784393634577 14.65602970123291 1723
1784393634579 15.211919784545898 1724
1784393634581 11.553110122680664 1725
1784393634583 12.531478881835938 1726
1784393634586 13.429003715515137 1727
1784393634588 14.656023025512695 1728
1784393634590 14.639863967895508 1729
1784393634592 14.87473201751709 1730
1784393634594 13.298301696777344 1731
1784393634596 12.726292610168457 1732
1784393634598 16.2159481048584 1733
1784393634600 10.169626235961914 1734
1784393634602 13.212189674377441 1735
1784393634604 15.088146209716797 1736
1784393634606 12.862232208251953 1737
1784393634608 13.476972579956055 1738
1784393634610 12.027337074279785 1739
1784393634611 11.458637237548828 1740
1784393634613 15.413755416870117 1741
1784393634615 11.609222412109375 1742
1784393634617 13.76451301574707 1743
1784393634618 13.448498725891113 1744
1784393634620 13.082893371582031 1745
1784393634622 13.592354774475098 1746
1784393634624 12.157894134521484 1747
1784393634625 13.491721153259277 1748
1784393634627 11.053068161010742 1749
1784393634629 12.474265098571777 1750
1784393634631 11.378104209899902 1751
1784393634633 11.172199249267578 1752
1784393634635 11.232256889343262 1753
1784393634637 12.360376358032227 1754
1784393634639 13.23830509185791 1755
1784393634641 12.540560722351074 1756
1784393634643 14.262262344360352 1757
1784393634645 13.032312393188477 1758
1784393634647 14.65335750579834 1759
1784393634649 15.500558853149414 1760
1784393634651 12.723679542541504 1761
1784393634653 18.431943893432617 1762
1784393634655 15.287219047546387 1763
1784393634658 12.293882369995117 1764
1784393634660 15.491918563842773 1765
1784393634662 15.412444114685059 1766
1784393634664 13.660407066345215 1767
1784393634667 17.90612030029297 1768
1784393634669 14.984273910522461 1769
1784393634672 14.756412506103516 1770
1784393634675 17.45651626586914 1771
1784393634677 17.525304794311523 1772
1784393634680 18.16593360900879 1773
1784393634682 15.323484420776367 1774
1784393634686 16.58648681640625 1775
1784393634688 15.73865032196045 1776
1784393634691 14.727141380310059 1777
1784393634693 17.892709732055664 1778
1784393634695 13.288947105407715 1779
1784393634697 15.494110107421875 1780
1784393634698 14.363367080688477 1781
1784393634700 11.803001403808594 1782
1784393634702 14.224395751953125 1783
1784393634704 12.53689956665039 1784
1784393634706 12.04312801361084 1785
1784393634708 11.757453918457031 1786
1784393634709 11.386163711547852 1787
1784393634711 11.111993789672852 1788
1784393634713 14.41041374206543 1789
1784393634715 13.822542190551758 1790
1784393634717 14.511127471923828 1791
1784393634719 11.568984031677246 1792
1784393634720 13.445623397827148 1793
1784393634722 10.884817123413086 1794
1784393634723 10.973514556884766 1795
1784393634726 11.73705768585205 1796
1784393634727 12.43753719329834 1797
1784393634729 12.808832168579102 1798
1784393634731 11.966177940368652 1799
1784393634734 13.026695251464844 1800
1784393634735 11.850358009338379 1801
1784393634737 14.720800399780273 1802
1784393634739 12.724782943725586 1803
1784393634741 13.115591049194336 1804
1784393634743 14.413311958312988 1805
1784393634745 12.448868751525879 1806
1784393634747 13.721858978271484 1807
1784393634749 14.192571640014648 1808
1784393634751 13.498922348022461 1809
1784393634753 13.904617309570312 1810
1784393634755 15.521148681640625 1811
1784393634757 12.914316177368164 1812
1784393634759 14.86552619934082 1813
1784393634761 15.217000007629395 1814
1784393634763 13.899787902832031 1815
1784393634765 13.612981796264648 1816
1784393634767 15.339709281921387 1817
1784393634769 14.0322265625 1818
1784393634771 12.167916297912598 1819
1784393634773 15.24813175201416 1820
1784393634774 12.669553756713867 1821
1784393634776 13.195245742797852 1822
1784393634778 11.680410385131836 1823
1784393634780 13.561281204223633 1824
1784393634782 12.90345287322998 1825
1784393634783 13.557805061340332 1826
1784393634785 15.651975631713867 1827
1784393634787 10.891817092895508 1828
1784393634789 12.414775848388672 1829
1784393634791 11.325167655944824 1830
1784393634793 11.766536712646484 1831
1784393634795 12.455363273620605 1832
1784393634797 12.366615295410156 1833
1784393634798 13.288945198059082 1834
1784393634800 13.05269718170166 1835
1784393634802 13.562629699707031 1836
1784393634804 12.481882095336914 1837
1784393634806 13.96223258972168 1838
1784393634808 13.670427322387695 1839
1784393634810 14.30348014831543 1840
1784393634812 13.201108932495117 1841
1784393634815 14.530096054077148 1842
1784393634817 13.630483627319336 1843
1784393634819 12.446412086486816 1844
1784393634820 14.725545883178711 1845
1784393634823 13.371034622192383 1846
1784393634825 14.434246063232422 1847
1784393634826 12.908299446105957 1848
1784393634828 15.395082473754883 1849
1784393634830 16.713571548461914 1850
1784393634832 12.653938293457031 1851
1784393634834 14.228968620300293 1852
1784393634835 13.117210388183594 1853
1784393634837 10.861292839050293 1854
1784393634839 15.46754264831543 1855
1784393634841 14.015124320983887 1856
1784393634842 13.590686798095703 1857
1784393634844 16.42584228515625 1858
1784393634846 13.386404991149902 1859
1784393634848 18.0662841796875 1860
1784393634849 14.912477493286133 1861
1784393634851 14.308048248291016 1862
1784393634853 18.268497467041016 1863
1784393634855 15.993671417236328 1864
1784393634857 14.644328117370605 1865
1784393634859 13.341941833496094 1866
1784393634861 12.810660362243652 1867
1784393634863 10.514660835266113 1868
1784393634865 10.910384178161621 1869
1784393634867 11.529778480529785 1870
1784393634869 11.395209312438965 1871
1784393634871 11.058476448059082 1872
1784393634873 10.647117614746094 1873
1784393634876 11.70051383972168 1874
