1784393635347 51.70289993286133 0
1784393635350 179.9573211669922 1
1784393635353 141.32296752929688 2
1784393635355 71.86618041992188 3
1784393635358 42.70598602294922 4
1784393635360 36.19719314575195 5
1784393635363 43.97428894042969 6
1784393635365 48.36272430419922 7
1784393635367 38.9754753112793 8
1784393635370 30.296588897705078 9
1784393635372 28.917285919189453 10
1784393635375 25.880319595336914 11
1784393635377 21.209278106689453 12
1784393635379 15.131121635437012 13
1784393635382 11.600591659545898 14
1784393635384 11.896515846252441 15
1784393635387 12.335348129272461 16
1784393635390 11.196020126342773 17
1784393635393 9.875521659851074 18
1784393635396 10.051202774047852 19
1784393635398 10.417389869689941 20
1784393635401 9.169233322143555 21
1784393635403 8.417274475097656 22
1784393635406 6.728105068206787 23
1784393635409 7.023508071899414 24
1784393635411 7.177639484405518 25
1784393635414 7.161463260650635 26
1784393635416 5.852663040161133 27
1784393635419 5.217931270599365 28
1784393635421 5.45985221862793 29
1784393635424 5.899066925048828 30
1784393635427 5.596884250640869 31
1784393635430 5.491580486297607 32
1784393635432 5.022638320922852 33
1784393635435 4.512558937072754 34
1784393635437 4.56649112701416 35
1784393635440 5.012808799743652 36
1784393635443 4.044914245605469 37
1784393635445 4.233115196228027 38
1784393635448 3.8550381660461426 39
1784393635450 4.507789134979248 40
1784393635452 3.9733591079711914 41
1784393635454 4.370292663574219 42
1784393635457 3.6689271926879883 43
1784393635459 3.941732883453369 44
1784393635461 3.6020004749298096 45
1784393635463 3.460404872894287 46
1784393635466 3.896007537841797 47
1784393635469 3.3241000175476074 48
1784393635471 4.380069732666016 49
1784393635474 3.392364978790283 50
1784393635477 3.357883930206299 51
1784393635480 3.1410629749298096 52
1784393635483 2.7359282970428467 53
1784393635486 3.3134493827819824 54
1784393635488 2.8734822273254395 55
1784393635491 2.932948589324951 56
1784393635493 2.656625270843506 57
1784393635496 2.541231155395508 58
1784393635498 2.7282063961029053 59
1784393635501 2.570740222930908 60
1784393635503 2.6917884349823 61
1784393635506 2.118283987045288 62
1784393635509 2.178136110305786 63
1784393635511 2.6732614040374756 64
1784393635514 1.946219563484192 65
1784393635516 2.934858560562134 66
1784393635518 1.763740062713623 67
1784393635521 1.8627889156341553 68
1784393635523 1.701715111732483 69
1784393635525 2.062185525894165 70
1784393635528 1.9346858263015747 71
1784393635530 1.8447210788726807 72
1784393635532 1.7447587251663208 73
1784393635535 1.763570785522461 74
1784393635537 1.3670555353164673 75
1784393635544 1.4622578620910645 76
1784393635546 1.6522293090820312 77
1784393635549 1.6039732694625854 78
1784393635551 1.471505045890808 79
1784393635553 1.4955334663391113 80
1784393635556 1.5308690071105957 81
1784393635558 1.626585602760315 82
1784393635560 1.4072575569152832 83
1784393635563 1.7211273908615112 84
1784393635566 1.8296582698822021 85
1784393635568 1.2536475658416748 86
1784393635571 1.960068941116333 87
1784393635573 1.4927244186401367 88
1784393635575 1.7063493728637695 89
1784393635577 1.3850404024124146 90
1784393635580 1.3477632999420166 91
1784393635582 1.364293098449707 92
1784393635584 1.4084047079086304 93
1784393635587 1.6017370223999023 94
1784393635589 1.2614989280700684 95
1784393635591 1.4172855615615845 96
1784393635594 1.2102200984954834 97
1784393635596 1.2679486274719238 98
1784393635598 1.083686113357544 99
1784393635601 1.0449938774108887 100
1784393635603 1.2451136112213135 101
1784393635606 1.3410788774490356 102
1784393635608 1.6193835735321045 103
1784393635611 1.3148059844970703 104
1784393635613 1.4528090953826904 105
1784393635615 1.033442497253418 106
1784393635618 1.3366539478302002 107
1784393635620 1.4201128482818604 108
1784393635622 1.177526831626892 109
1784393635625 1.3512599468231201 110
1784393635627 1.0121054649353027 111
1784393635630 0.9842738509178162 112
1784393635632 0.9144225120544434 113
1784393635635 1.0065028667449951 114
1784393635637 1.066383957862854 115
1784393635639 1.5296982526779175 116
1784393635642 1.0260555744171143 117
1784393635645 0.9605649709701538 118
1784393635648 0.8577970862388611 119
1784393635651 0.8173912763595581 120
1784393635654 0.8983777165412903 121
1784393635656 0.8518000841140747 122
1784393635658 0.7194260954856873 123
1784393635660 0.7917621731758118 124
1784393635662 0.8512142896652222 125
1784393635664 0.8307121396064758 126
1784393635667 0.9775453209877014 127
1784393635669 1.2274794578552246 128
1784393635672 0.697873055934906 129
1784393635674 0.9397025108337402 130
1784393635677 0.7965620756149292 131
1784393635679 0.8689658641815186 132
1784393635681 0.7879995107650757 133
1784393635684 0.6355072855949402 134
1784393635686 1.2159138917922974 135
1784393635688 0.7527738809585571 136
1784393635691 0.7597109079360962 137
1784393635693 0.8119697570800781 138
1784393635695 0.6140275001525879 139
1784393635698 0.8802704811096191 140
1784393635700 0.7149277329444885 141
1784393635703 0.6691534519195557 142
1784393635705 0.6446660161018372 143
1784393635708 0.674845278263092 144
1784393635710 0.7357074618339539 145
1784393635713 0.5446101427078247 146
1784393635715 0.6209632158279419 147
1784393635717 0.6496084332466125 148
1784393635719 0.550031304359436 149
1784393635721 0.632313072681427 150
1784393635723 0.577275276184082 151
1784393635725 0.5652515888214111 152
1784393635728 0.5124646425247192 153
1784393635730 0.5701811909675598 154
1784393635732 0.7142137289047241 155
1784393635735 0.6104822754859924 156
1784393635737 0.5982508659362793 157
1784393635739 0.5400152206420898 158
1784393635742 0.5850459933280945 159
1784393635744 0.46141907572746277 160
1784393635746 0.5028820633888245 161
1784393635749 0.49271830916404724 162
1784393635751 0.4699713885784149 163
1784393635753 0.5301055312156677 164
1784393635755 0.6563420295715332 165
1784393635758 0.566953718662262 166
1784393635760 0.6019444465637207 167
1784393635762 0.4645269811153412 168
1784393635764 0.4927164316177368 169
1784393635767 0.6636062264442444 170
1784393635769 0.545088529586792 171
1784393635772 0.564983606338501 172
1784393635774 0.4702918231487274 173
1784393635777 0.7604168057441711 174
1784393635779 0.6102866530418396 175
1784393635781 0.5596528649330139 176
1784393635784 0.7589325308799744 177
1784393635786 0.45452794432640076 178
1784393635788 0.6442171931266785 179
1784393635791 0.5747694373130798 180
1784393635793 0.4144919812679291 181
1784393635795 0.5760482549667358 182
1784393635797 0.4848162531852722 183
1784393635800 0.48844003677368164 184
1784393635802 0.4589524269104004 185
1784393635804 0.49360594153404236 186
1784393635807 0.431323766708374 187
1784393635809 0.44788944721221924 188
1784393635812 0.44842976331710815 189
1784393635814 0.3931739628314972 190
1784393635817 0.39903920888900757 191
1784393635819 0.3929516673088074 192
1784393635821 0.4090787172317505 193
1784393635824 0.4011542499065399 194
1784393635826 0.45132505893707275 195
1784393635829 0.5393869876861572 196
1784393635831 0.43722623586654663 197
1784393635833 0.47147753834724426 198
1784393635836 0.4536866545677185 199
1784393635838 0.5621182918548584 200
1784393635840 0.43447086215019226 201
1784393635843 0.558317244052887 202
1784393635845 0.39885658025741577 203
1784393635847 0.5117951035499573 204
1784393635850 0.3923880457878113 205
1784393635852 0.40962672233581543 206
1784393635854 0.44203364849090576 207
1784393635856 0.43093177676200867 208
1784393635858 0.3428399860858917 209
1784393635861 0.32720744609832764 210
1784393635863 0.3813123106956482 211
1784393635866 0.32246947288513184 212
1784393635868 0.44443535804748535 213
1784393635870 0.42612504959106445 214
1784393635873 0.42448660731315613 215
1784393635875 0.4208342134952545 216
1784393635878 0.3403700590133667 217
1784393635880 0.34029144048690796 218
1784393635882 0.37761223316192627 219
1784393635885 0.35442492365837097 220
1784393635887 0.39187219738960266 221
1784393635889 0.4288126230239868 222
1784393635892 0.4055870771408081 223
1784393635894 0.4499465823173523 224
1784393635896 0.42113080620765686 225
1784393635899 0.367600679397583 226
1784393635901 0.3714141845703125 227
1784393635904 0.4590958058834076 228
1784393635907 0.3344353139400482 229
1784393635910 0.3146900534629822 230
1784393635912 0.4143006503582001 231
1784393635915 0.3153378963470459 232
1784393635917 0.4053347110748291 233
1784393635919 0.33788836002349854 234
1784393635922 0.2997901439666748 235
1784393635924 0.3249521255493164 236
1784393635927 0.3535952866077423 237
1784393635929 0.3472989797592163 238
1784393635931 0.32283443212509155 239
1784393635934 0.3150278329849243 240
1784393635936 0.3702680170536041 241
1784393635939 0.3334706425666809 242
1784393635941 0.3393269181251526 243
1784393635944 0.304830402135849 244
1784393635946 0.3284788429737091 245
1784393635949 0.3163343071937561 246
1784393635952 0.3212846517562866 247
1784393635954 0.32831767201423645 248
1784393635957 0.30127325654029846 249
1784393635959 0.28838592767715454 250
1784393635962 0.2878159284591675 251
1784393635964 0.28292950987815857 252
1784393635967 0.35095927119255066 253
1784393635969 0.315600723028183 254
1784393635971 0.37457987666130066 255
1784393635974 0.29796209931373596 256
1784393635976 0.2975611090660095 257
1784393635978 0.32003942131996155 258
1784393635980 0.31475698947906494 259
1784393635983 0.3079894483089447 260
1784393635985 0.33083614706993103 261
1784393635988 0.28776121139526367 262
1784393635990 0.2977549433708191 263
1784393635993 0.27806907892227173 264
1784393635996 0.3112986087799072 265
1784393635998 0.3555164933204651 266
1784393636001 0.3158087432384491 267
1784393636004 0.30198854207992554 268
1784393636007 0.2918386161327362 269
1784393636009 0.3034612536430359 270
1784393636012 0.32519376277923584 271
1784393636015 0.27737343311309814 272
1784393636017 0.36570537090301514 273
1784393636019 0.27123716473579407 274
1784393636022 0.26684144139289856 275
1784393636025 0.2895457148551941 276
1784393636027 0.22259071469306946 277
1784393636030 0.307298481464386 278
1784393636032 0.32715892791748047 279
1784393636035 0.333898663520813 280
1784393636037 0.31139105558395386 281
1784393636039 0.33156755566596985 282
1784393636041 0.3099939525127411 283
1784393636044 0.30279529094696045 284
1784393636046 0.28043755888938904 285
1784393636049 0.3237975239753723 286
1784393636051 0.3270421028137207 287
1784393636053 0.2787313461303711 288
1784393636056 0.32416969537734985 289
1784393636058 0.29736796021461487 290
1784393636061 0.27419570088386536 291
1784393636063 0.35114002227783203 292
1784393636066 0.3233766555786133 293
1784393636068 0.3387072682380676 294
1784393636071 0.3202105760574341 295
1784393636073 0.24525220692157745 296
1784393636075 0.27525457739830017 297
1784393636078 0.2619306147098541 298
1784393636080 0.34699010848999023 299
1784393636083 0.26414719223976135 300
1784393636086 0.3118703067302704 301
1784393636088 0.28786659240722656 302
1784393636091 0.3315148651599884 303
1784393636093 0.2682345509529114 304
1784393636096 0.316792368888855 305
1784393636098 0.3404071629047394 306
1784393636100 0.2575456202030182 307
1784393636103 0.2572084069252014 308
1784393636106 0.29299014806747437 309
1784393636109 0.25465941429138184 310
1784393636111 0.2633560299873352 311
1784393636113 0.2663280963897705 312
1784393636115 0.24850869178771973 313
1784393636117 0.2661604583263397 314
1784393636119 0.2870374619960785 315
1784393636121 0.24147458374500275 316
1784393636123 0.25390729308128357 317
1784393636125 0.3288150429725647 318
1784393636127 0.24247486889362335 319
1784393636129 0.27516788244247437 320
1784393636131 0.30478736758232117 321
1784393636134 0.3101124167442322 322
1784393636136 0.27042660117149353 323
1784393636138 0.2684324383735657 324
1784393636140 0.26834672689437866 325
1784393636142 0.23211905360221863 326
1784393636145 0.30330294370651245 327
1784393636147 0.22593533992767334 328
1784393636150 0.21728967130184174 329
1784393636152 0.2172321379184723 330
1784393636154 0.2473948448896408 331
1784393636157 0.21039634943008423 332
1784393636159 0.26011279225349426 333
1784393636161 0.19052712619304657 334
1784393636165 0.27243345975875854 335
1784393636170 0.20864610373973846 336
1784393636173 0.26533445715904236 337
1784393636177 0.2516741454601288 338
1784393636181 0.3070833086967468 339
1784393636185 0.33644548058509827 340
1784393636189 0.20100949704647064 341
1784393636193 0.343397855758667 342
1784393636196 0.24091088771820068 343
1784393636199 0.3124488890171051 344
1784393636203 0.3259619176387787 345
1784393636207 0.2467440962791443 346
1784393636210 0.29714733362197876 347
1784393636215 0.1829986274242401 348
1784393636220 0.29788416624069214 349
1784393636225 0.2527414560317993 350
1784393636230 0.2581746578216553 351
1784393636234 0.26973921060562134 352
1784393636238 0.21746765077114105 353
1784393636241 0.3035106658935547 354
1784393636244 0.29651209712028503 355
1784393636247 0.2718116044998169 356
1784393636249 0.3017728328704834 357
1784393636251 0.2115728259086609 358
1784393636254 0.24443498253822327 359
1784393636256 0.25998130440711975 360
1784393636258 0.2401035726070404 361
1784393636261 0.26040178537368774 362
1784393636263 0.1949900984764099 363
1784393636265 0.22991281747817993 364
1784393636267 0.27425074577331543 365
1784393636270 0.2113615721464157 366
1784393636272 0.25698208808898926 367
1784393636274 0.18811354041099548 368
1784393636277 0.23129305243492126 369
1784393636279 0.20689502358436584 370
1784393636281 0.2528662383556366 371
1784393636284 0.23333825170993805 372
1784393636286 0.26914292573928833 373
1784393636288 0.25401249527931213 374
1784393636290 0.21087908744812012 375
1784393636293 0.23986469209194183 376
1784393636295 0.20988765358924866 377
1784393636297 0.18704365193843842 378
1784393636299 0.22356517612934113 379
1784393636302 0.23229509592056274 380
1784393636304 0.24085529148578644 381
1784393636307 0.2663227617740631 382
1784393636310 0.3159991204738617 383
1784393636312 0.27840951085090637 384
1784393636315 0.3131434917449951 385
1784393636317 0.275989830493927 386
1784393636320 0.3443070650100708 387
1784393636322 0.2291601002216339 388
1784393636324 0.2930675148963928 389
1784393636327 0.3101295232772827 390
1784393636329 0.23607252538204193 391
1784393636331 0.2661915123462677 392
1784393636334 0.3086662292480469 393
1784393636336 0.2847582995891571 394
1784393636339 0.2905678451061249 395
1784393636341 0.33381763100624084 396
1784393636343 0.33590665459632874 397
1784393636345 0.24122729897499084 398
1784393636347 0.25201845169067383 399
1784393636350 0.25160035490989685 400
1784393636352 0.2212430238723755 401
1784393636354 0.27357912063598633 402
1784393636357 0.2411736398935318 403
1784393636359 0.17757505178451538 404
1784393636362 0.2392279952764511 405
1784393636364 0.26175457239151 406
1784393636366 0.23677760362625122 407
1784393636369 0.28057363629341125 408
1784393636371 0.22777055203914642 409
1784393636373 0.2917293906211853 410
1784393636376 0.21643243730068207 411
1784393636378 0.3352246880531311 412
1784393636380 0.2751125693321228 413
1784393636383 0.3427661061286926 414
1784393636386 0.2737693786621094 415
1784393636389 0.3099238872528076 416
1784393636391 0.32670900225639343 417
1784393636394 0.31039249897003174 418
1784393636396 0.3430854380130768 419
1784393636398 0.3878291845321655 420
1784393636401 0.31443658471107483 421
1784393636404 0.356453537940979 422
1784393636407 0.34833937883377075 423
1784393636409 0.2656070590019226 424
1784393636412 0.3066527247428894 425
1784393636414 0.3694940507411957 426
1784393636416 0.32139453291893005 427
1784393636418 0.387362003326416 428
1784393636420 0.26141107082366943 429
1784393636423 0.2626490294933319 430
1784393636425 0.35698768496513367 431
1784393636427 0.25710970163345337 432
1784393636430 0.29727208614349365 433
1784393636432 0.33641114830970764 434
1784393636434 0.2543337941169739 435
1784393636436 0.29821380972862244 436
1784393636438 0.2763253152370453 437
1784393636440 0.2565745413303375 438
1784393636443 0.28097960352897644 439
1784393636445 0.2805411219596863 440
1784393636447 0.24403026700019836 441
1784393636450 0.25873035192489624 442
1784393636452 0.26985394954681396 443
1784393636454 0.23957782983779907 444
1784393636456 0.23280900716781616 445
1784393636458 0.2681427001953125 446
1784393636461 0.21693725883960724 447
1784393636463 0.299795925617218 448
1784393636465 0.23902727663516998 449
1784393636468 0.2758306562900543 450
1784393636470 0.2538117468357086 451
1784393636473 0.23641569912433624 452
1784393636475 0.27375414967536926 453
1784393636477 0.28194016218185425 454
1784393636480 0.18498709797859192 455
1784393636482 0.27479976415634155 456
1784393636485 0.22732678055763245 457
1784393636487 0.22481989860534668 458
1784393636490 0.21710018813610077 459
1784393636493 0.21978114545345306 460
1784393636495 0.22305339574813843 461
1784393636498 0.20117613673210144 462
1784393636500 0.22518807649612427 463
1784393636503 0.21405142545700073 464
1784393636507 0.19671104848384857 465
1784393636510 0.20767654478549957 466
1784393636512 0.18484526872634888 467
1784393636514 0.17668694257736206 468
1784393636516 0.19184306263923645 469
1784393636518 0.20454703271389008 470
1784393636521 0.24256199598312378 471
1784393636523 0.19653229415416718 472
1784393636525 0.20701180398464203 473
1784393636528 0.2111678272485733 474
1784393636531 0.21366313099861145 475
1784393636533 0.2104642540216446 476
1784393636536 0.21486130356788635 477
1784393636538 0.216654434800148 478
1784393636541 0.23158636689186096 479
1784393636544 0.2069043219089508 480
1784393636546 0.21330569684505463 481
1784393636548 0.2284729778766632 482
1784393636550 0.19144123792648315 483
1784393636553 0.20674407482147217 484
1784393636555 0.16664937138557434 485
1784393636558 0.1907290369272232 486
1784393636560 0.22175653278827667 487
1784393636562 0.215294748544693 488
1784393636564 0.21665139496326447 489
1784393636567 0.30834877490997314 490
1784393636570 0.24733160436153412 491
1784393636572 0.259260356426239 492
1784393636575 0.27249443531036377 493
1784393636577 0.25285160541534424 494
1784393636579 0.2781009376049042 495
1784393636582 0.19244849681854248 496
1784393636584 0.2865070700645447 497
1784393636587 0.21109333634376526 498
1784393636590 0.3102222979068756 499
1784393636592 0.2925841212272644 500
1784393636595 0.26780447363853455 501
1784393636597 0.31494075059890747 502
1784393636600 0.24294550716876984 503
1784393636602 0.28979218006134033 504
1784393636606 0.2372826635837555 505
1784393636608 0.23074951767921448 506
1784393636611 0.2607400715351105 507
1784393636614 0.17083902657032013 508
1784393636617 0.2591383159160614 509
1784393636620 0.24101006984710693 510
1784393636622 0.2238996922969818 511
1784393636625 0.28132855892181396 512
1784393636628 0.2664957344532013 513
1784393636631 0.26357319951057434 514
1784393636634 0.294292688369751 515
1784393636637 0.25670331716537476 516
1784393636639 0.3204815983772278 517
1784393636641 0.2797176241874695 518
1784393636643 0.26142725348472595 519
1784393636646 0.27382296323776245 520
1784393636648 0.31095120310783386 521
1784393636650 0.27703115344047546 522
1784393636653 0.2658964693546295 523
1784393636655 0.28019827604293823 524
1784393636657 0.2381439357995987 525
1784393636659 0.25311774015426636 526
1784393636662 0.2626122534275055 527
1784393636664 0.26351267099380493 528
1784393636666 0.2661101520061493 529
1784393636669 0.26357996463775635 530
1784393636671 0.345609575510025 531
1784393636673 0.27838069200515747 532
1784393636675 0.25212836265563965 533
1784393636678 0.3161121606826782 534
1784393636680 0.27574795484542847 535
1784393636683 0.23939016461372375 536
1784393636685 0.26289457082748413 537
1784393636687 0.2358931601047516 538
1784393636690 0.250935822725296 539
1784393636692 0.2125275433063507 540
1784393636694 0.25559401512145996 541
1784393636697 0.20977187156677246 542
1784393636699 0.28530606627464294 543
1784393636701 0.2413630336523056 544
1784393636704 0.24642261862754822 545
1784393636706 0.2836284041404724 546
1784393636708 0.31238943338394165 547
1784393636711 0.2833346128463745 548
1784393636713 0.23624707758426666 549
1784393636715 0.2809374928474426 550
1784393636717 0.27775487303733826 551
1784393636719 0.2898062467575073 552
1784393636722 0.23605464398860931 553
1784393636724 0.3061586320400238 554
1784393636727 0.18401877582073212 555
1784393636729 0.292526513338089 556
1784393636732 0.2915244400501251 557
1784393636734 0.2578250467777252 558
1784393636736 0.3123268187046051 559
1784393636739 0.3225271999835968 560
1784393636741 0.2756800949573517 561
1784393636743 0.3023064434528351 562
1784393636745 0.32371413707733154 563
1784393636747 0.29076647758483887 564
1784393636750 0.261542409658432 565
1784393636752 0.30119842290878296 566
1784393636754 0.2242174744606018 567
1784393636757 0.35849452018737793 568
1784393636759 0.28731048107147217 569
1784393636761 0.335750550031662 570
1784393636764 0.2500966489315033 571
1784393636766 0.2831287086009979 572
1784393636769 0.27566394209861755 573
1784393636771 0.31742602586746216 574
1784393636774 0.26352444291114807 575
1784393636776 0.2908441126346588 576
1784393636779 0.24136504530906677 577
1784393636781 0.2586475610733032 578
1784393636784 0.2708367109298706 579
1784393636787 0.26744264364242554 580
1784393636789 0.2773114740848541 581
1784393636792 0.22277289628982544 582
1784393636795 0.2287377566099167 583
1784393636797 0.2375783920288086 584
1784393636799 0.21724756062030792 585
1784393636802 0.18296337127685547 586
1784393636804 0.22083863615989685 587
1784393636807 0.25824934244155884 588
1784393636809 0.21554188430309296 589
1784393636812 0.2471427321434021 590
1784393636814 0.2085677981376648 591
1784393636816 0.23988714814186096 592
1784393636818 0.181944340467453 593
1784393636820 0.2566980719566345 594
1784393636823 0.2495446354150772 595
1784393636825 0.20029310882091522 596
1784393636828 0.2923007011413574 597
1784393636831 0.2814032733440399 598
1784393636833 0.2410389930009842 599
1784393636836 0.28235137462615967 600
1784393636838 0.26441341638565063 601
1784393636840 0.2381899505853653 602
1784393636843 0.24072393774986267 603
1784393636845 0.2934955060482025 604
1784393636847 0.20119911432266235 605
1784393636849 0.2874129116535187 606
1784393636851 0.246064692735672 607
1784393636854 0.23709702491760254 608
1784393636856 0.33206960558891296 609
1784393636859 0.2728383541107178 610
1784393636861 0.21804969012737274 611
1784393636863 0.2913738191127777 612
1784393636866 0.21675053238868713 613
1784393636868 0.2435968667268753 614
1784393636870 0.2374923974275589 615
1784393636873 0.2486686110496521 616
1784393636875 0.1480148434638977 617
1784393636877 0.2632724642753601 618
1784393636880 0.20026303827762604 619
1784393636882 0.23793359100818634 620
1784393636884 0.29551729559898376 621
1784393636886 0.30238959193229675 622
1784393636888 0.2360529899597168 623
1784393636891 0.2931751608848572 624
1784393636893 0.2957385778427124 625
1784393636896 0.29225483536720276 626
1784393636899 0.26081788539886475 627
1784393636901 0.2766764760017395 628
1784393636905 0.2440667450428009 629
1784393636907 0.24091768264770508 630
1784393636910 0.26087695360183716 631
1784393636912 0.2271607220172882 632
1784393636915 0.24289332330226898 633
1784393636917 0.21617789566516876 634
1784393636920 0.305566668510437 635
1784393636923 0.2816784381866455 636
1784393636925 0.266218364238739 637
1784393636928 0.35109978914260864 638
1784393636930 0.30248773097991943 639
1784393636933 0.28987768292427063 640
1784393636935 0.3145830035209656 641
1784393636938 0.22502043843269348 642
1784393636940 0.333911269903183 643
1784393636943 0.3642953932285309 644
1784393636945 0.27429524064064026 645
1784393636948 0.2639042139053345 646
1784393636951 0.3543895483016968 647
1784393636953 0.24245765805244446 648
1784393636955 0.23088890314102173 649
1784393636958 0.2800232172012329 650
1784393636960 0.23335865139961243 651
1784393636962 0.2271016538143158 652
1784393636964 0.3066675662994385 653
1784393636967 0.22660015523433685 654
1784393636969 0.3458828330039978 655
1784393636972 0.26733675599098206 656
1784393636974 0.2557474672794342 657
1784393636977 0.24290142953395844 658
1784393636979 0.2747153639793396 659
1784393636981 0.31171882152557373 660
1784393636983 0.19811955094337463 661
1784393636986 0.23688317835330963 662
1784393636988 0.2007712870836258 663
1784393636990 0.19125184416770935 664
1784393636993 0.24272489547729492 665
1784393636995 0.2334890067577362 666
1784393636998 0.3431718051433563 667
1784393637000 0.2408321350812912 668
1784393637003 0.28034356236457825 669
1784393637005 0.3191562294960022 670
1784393637008 0.18143463134765625 671
1784393637010 0.3123190999031067 672
1784393637013 0.23200345039367676 673
1784393637016 0.2644059956073761 674
1784393637019 0.2964320778846741 675
1784393637021 0.21856442093849182 676
1784393637024 0.32313305139541626 677
1784393637026 0.3585464060306549 678
1784393637028 0.30634021759033203 679
1784393637031 0.2376362681388855 680
1784393637034 0.2877597510814667 681
1784393637036 0.222714364528656 682
1784393637039 0.3165498971939087 683
1784393637042 0.30684787034988403 684
1784393637044 0.2585012912750244 685
1784393637047 0.2831983268260956 686
1784393637049 0.31830963492393494 687
1784393637051 0.21226738393306732 688
1784393637054 0.2971048355102539 689
1784393637056 0.2515769600868225 690
1784393637059 0.23060742020606995 691
1784393637061 0.2544848322868347 692
1784393637064 0.2250470668077469 693
1784393637066 0.31147924065589905 694
1784393637069 0.2803182601928711 695
1784393637072 0.2269602119922638 696
1784393637075 0.3028821051120758 697
1784393637077 0.2901823818683624 698
1784393637080 0.27115046977996826 699
1784393637082 0.26743119955062866 700
1784393637085 0.26722121238708496 701
1784393637087 0.23260779678821564 702
1784393637090 0.2163977324962616 703
1784393637092 0.22693343460559845 704
1784393637094 0.23091188073158264 705
1784393637097 0.26606467366218567 706
1784393637099 0.2430689036846161 707
1784393637102 0.2528040409088135 708
1784393637105 0.20328713953495026 709
1784393637107 0.18979527056217194 710
1784393637110 0.1910058557987213 711
1784393637112 0.18631327152252197 712
1784393637114 0.20858775079250336 713
1784393637117 0.21171528100967407 714
1784393637119 0.22475102543830872 715
1784393637121 0.1963503509759903 716
1784393637123 0.2557803690433502 717
1784393637126 0.2017516940832138 718
1784393637128 0.2660505473613739 719
1784393637130 0.2252063751220703 720
1784393637131 0.2525278329849243 721
1784393637133 0.29894235730171204 722
1784393637135 0.18996450304985046 723
1784393637137 0.2793167531490326 724
1784393637140 0.21697093546390533 725
1784393637142 0.20537316799163818 726
1784393637145 0.21773789823055267 727
1784393637148 0.22979870438575745 728
1784393637150 0.23077058792114258 729
1784393637153 0.16333632171154022 730
1784393637155 0.21447166800498962 731
1784393637157 0.14769528806209564 732
1784393637159 0.18920841813087463 733
1784393637161 0.19581753015518188 734
1784393637164 0.19743302464485168 735
1784393637166 0.3151971697807312 736
1784393637169 0.2219986468553543 737
1784393637171 0.2414795458316803 738
1784393637174 0.25853338837623596 739
1784393637176 0.2268112748861313 740
1784393637179 0.2147745043039322 741
1784393637182 0.2206767499446869 742
1784393637184 0.22184234857559204 743
1784393637186 0.19585396349430084 744
1784393637189 0.27054470777511597 745
1784393637191 0.26749351620674133 746
1784393637193 0.26150792837142944 747
1784393637195 0.32780924439430237 748
1784393637197 0.3334813117980957 749
1784393637200 0.3030329644680023 750
1784393637202 0.2685532867908478 751
1784393637204 0.3182937502861023 752
1784393637207 0.251482218503952 753
1784393637209 0.24674905836582184 754
1784393637211 0.325423002243042 755
1784393637214 0.28678470849990845 756
1784393637216 0.2343079149723053 757
1784393637218 0.29207441210746765 758
1784393637220 0.19204317033290863 759
1784393637223 0.3104243576526642 760
1784393637226 0.267448753118515 761
1784393637228 0.2695108652114868 762
1784393637231 0.2816552221775055 763
1784393637233 0.23827973008155823 764
1784393637235 0.3196896016597748 765
1784393637237 0.32885468006134033 766
1784393637239 0.34367111325263977 767
1784393637241 0.3029688000679016 768
1784393637244 0.33827728033065796 769
1784393637246 0.3245856463909149 770
1784393637248 0.2950776219367981 771
1784393637250 0.2757660746574402 772
1784393637253 0.31732919812202454 773
1784393637255 0.28113555908203125 774
1784393637257 0.3263457417488098 775
1784393637259 0.254198282957077 776
1784393637262 0.2986873984336853 777
1784393637264 0.23048661649227142 778
1784393637267 0.24068686366081238 779
1784393637269 0.21204152703285217 780
1784393637271 0.19280177354812622 781
1784393637273 0.21344345808029175 782
1784393637275 0.2292151004076004 783
1784393637277 0.18419453501701355 784
1784393637280 0.23409950733184814 785
1784393637282 0.21226051449775696 786
1784393637285 0.18499179184436798 787
1784393637287 0.2547893524169922 788
1784393637290 0.2649937868118286 789
1784393637292 0.20876483619213104 790
1784393637295 0.23160554468631744 791
1784393637298 0.16645914316177368 792
1784393637300 0.301078200340271 793
1784393637303 0.24748018383979797 794
1784393637305 0.23739129304885864 795
1784393637308 0.256294846534729 796
1784393637311 0.18879330158233643 797
1784393637313 0.25910934805870056 798
1784393637316 0.2825717031955719 799
1784393637318 0.23635156452655792 800
1784393637321 0.24432732164859772 801
1784393637323 0.26873305439949036 802
1784393637326 0.2893295884132385 803
1784393637328 0.22776687145233154 804
1784393637331 0.21870337426662445 805
1784393637334 0.23342081904411316 806
1784393637336 0.2264672964811325 807
1784393637339 0.24084965884685516 808
1784393637341 0.2536807954311371 809
1784393637344 0.23730714619159698 810
1784393637347 0.2514115571975708 811
1784393637349 0.24871812760829926 812
1784393637352 0.2863478362560272 813
1784393637355 0.2593730092048645 814
1784393637358 0.25078102946281433 815
1784393637360 0.26839545369148254 816
1784393637363 0.29193633794784546 817
1784393637366 0.3050954341888428 818
1784393637369 0.3763110339641571 819
1784393637372 0.2657504081726074 820
1784393637374 0.3214685320854187 821
1784393637377 0.3893294632434845 822
1784393637379 0.3334696590900421 823
1784393637382 0.24546360969543457 824
1784393637384 0.32445022463798523 825
1784393637386 0.32742324471473694 826
1784393637389 0.22240133583545685 827
1784393637392 0.3199482560157776 828
1784393637394 0.2150193452835083 829
1784393637397 0.32369378209114075 830
1784393637399 0.288491815328598 831
1784393637402 0.2449999302625656 832
1784393637404 0.31963616609573364 833
1784393637407 0.21547681093215942 834
1784393637409 0.34325873851776123 835
1784393637412 0.23889146745204926 836
1784393637414 0.24993522465229034 837
1784393637416 0.35137930512428284 838
1784393637418 0.3136485815048218 839
1784393637420 0.2553645372390747 840
1784393637423 0.3175058960914612 841
1784393637425 0.35711532831192017 842
1784393637427 0.2677593231201172 843
1784393637430 0.2551913857460022 844
1784393637432 0.3000119924545288 845
1784393637434 0.24301311373710632 846
1784393637437 0.31319156289100647 847
1784393637439 0.2927924692630768 848
1784393637441 0.2066676914691925 849
1784393637444 0.2079792022705078 850
1784393637446 0.25028467178344727 851
1784393637449 0.2014942765235901 852
1784393637451 0.21563437581062317 853
1784393637453 0.24716103076934814 854
1784393637456 0.25816595554351807 855
1784393637458 0.2612784504890442 856
1784393637460 0.2336297631263733 857
1784393637463 0.20702943205833435 858
1784393637465 0.21279487013816833 859
1784393637468 0.2398972064256668 860
1784393637471 0.27591046690940857 861
1784393637473 0.28869813680648804 862
1784393637476 0.2163040190935135 863
1784393637478 0.2816949188709259 864
1784393637480 0.1746605783700943 865
1784393637482 0.26861634850502014 866
1784393637485 0.27739545702934265 867
1784393637487 0.21980372071266174 868
1784393637489 0.2658978998661041 869
1784393637492 0.3101799190044403 870
1784393637495 0.3199363052845001 871
1784393637498 0.31639358401298523 872
1784393637500 0.23915022611618042 873
1784393637502 0.34860116243362427 874
1784393637505 0.32879936695098877 875
1784393637507 0.32438093423843384 876
1784393637510 0.2644529938697815 877
1784393637512 0.2738274037837982 878
1784393637514 0.289366215467453 879
1784393637517 0.23945201933383942 880
1784393637519 0.2730430066585541 881
1784393637522 0.19433222711086273 882
1784393637524 0.29282814264297485 883
1784393637526 0.29817530512809753 884
1784393637528 0.24233798682689667 885
1784393637530 0.26841893792152405 886
1784393637533 0.29395952820777893 887
1784393637535 0.2010376900434494 888
1784393637538 0.2486126571893692 889
1784393637540 0.19249199330806732 890
1784393637543 0.2876954674720764 891
1784393637545 0.27362990379333496 892
1784393637548 0.2386462390422821 893
1784393637551 0.32794567942619324 894
1784393637553 0.2589132487773895 895
1784393637556 0.34622707962989807 896
1784393637558 0.2840477526187897 897
1784393637561 0.3235475420951843 898
1784393637563 0.3671942949295044 899
1784393637566 0.3513442873954773 900
1784393637568 0.22901611030101776 901
1784393637571 0.27569490671157837 902
1784393637574 0.3321166932582855 903
1784393637577 0.252081960439682 904
1784393637579 0.29717686772346497 905
1784393637582 0.2990610897541046 906
1784393637585 0.22288775444030762 907
1784393637587 0.2865768373012543 908
1784393637590 0.3767143189907074 909
1784393637593 0.3146111071109772 910
1784393637595 0.28131991624832153 911
1784393637597 0.352417528629303 912
1784393637600 0.2854991555213928 913
1784393637602 0.2434660792350769 914
1784393637605 0.2559880018234253 915
1784393637607 0.31741300225257874 916
1784393637609 0.2494490146636963 917
1784393637612 0.28546908497810364 918
1784393637614 0.3230311870574951 919
1784393637617 0.24531202018260956 920
1784393637619 0.30164775252342224 921
1784393637621 0.37433093786239624 922
1784393637624 0.26776644587516785 923
1784393637626 0.27712640166282654 924
1784393637629 0.2975839674472809 925
1784393637631 0.25889861583709717 926
1784393637633 0.2764613926410675 927
1784393637636 0.26457667350769043 928
1784393637638 0.2455405592918396 929
1784393637641 0.22076112031936646 930
1784393637644 0.22060039639472961 931
1784393637646 0.23894423246383667 932
1784393637649 0.21146787703037262 933
1784393637651 0.21093526482582092 934
1784393637653 0.2342737764120102 935
1784393637657 0.24813036620616913 936
1784393637659 0.23242229223251343 937
1784393637662 0.2500429153442383 938
1784393637664 0.23216962814331055 939
1784393637667 0.2184600532054901 940
1784393637669 0.24934762716293335 941
1784393637671 0.21008647978305817 942
1784393637674 0.26984596252441406 943
1784393637676 0.2370375543832779 944
1784393637678 0.25738632678985596 945
1784393637681 0.29623717069625854 946
1784393637683 0.23293536901474 947
1784393637686 0.22353847324848175 948
1784393637688 0.25932368636131287 949
1784393637691 0.20502933859825134 950
1784393637694 0.2813287675380707 951
1784393637696 0.21379756927490234 952
1784393637699 0.2294311672449112 953
1784393637701 0.2567079961299896 954
1784393637704 0.2443491518497467 955
1784393637706 0.21657289564609528 956
1784393637709 0.2365216612815857 957
1784393637711 0.2574208676815033 958
1784393637714 0.2084561586380005 959
1784393637717 0.2188098132610321 960
1784393637719 0.23361517488956451 961
1784393637722 0.19067350029945374 962
1784393637724 0.1848074048757553 963
1784393637727 0.18668802082538605 964
1784393637730 0.14824682474136353 965
1784393637732 0.20835784077644348 966
1784393637735 0.19044893980026245 967
1784393637737 0.17242370545864105 968
1784393637739 0.24899038672447205 969
1784393637742 0.1744103878736496 970
1784393637744 0.17457227408885956 971
1784393637747 0.2236756682395935 972
1784393637749 0.2081582099199295 973
1784393637752 0.2990749478340149 974
1784393637754 0.24184644222259521 975
1784393637756 0.2115742564201355 976
1784393637759 0.25354719161987305 977
1784393637761 0.16011038422584534 978
1784393637764 0.22474810481071472 979
1784393637766 0.20029915869235992 980
1784393637769 0.21341542899608612 981
1784393637772 0.18219681084156036 982
1784393637774 0.21430927515029907 983
1784393637776 0.24107345938682556 984
1784393637779 0.2012718915939331 985
1784393637781 0.3248298466205597 986
1784393637784 0.25900739431381226 987
1784393637787 0.2876826524734497 988
1784393637789 0.39759087562561035 989
1784393637792 0.2845187485218048 990
1784393637794 0.30494630336761475 991
1784393637797 0.34444206953048706 992
1784393637799 0.2881048917770386 993
1784393637802 0.2852543592453003 994
1784393637804 0.30440619587898254 995
1784393637807 0.2904432415962219 996
1784393637809 0.3003333806991577 997
1784393637812 0.34859657287597656 998
1784393637814 0.3302518129348755 999
1784393637817 0.3115561008453369 1000
1784393637819 0.3481939435005188 1001
1784393637821 0.2542516887187958 1002
1784393637823 0.28384554386138916 1003
1784393637826 0.27874088287353516 1004
1784393637828 0.23535312712192535 1005
1784393637831 0.2777553200721741 1006
1784393637833 0.28391963243484497 1007
1784393637835 0.3001793622970581 1008
1784393637838 0.27167075872421265 1009
1784393637840 0.3795388340950012 1010
1784393637842 0.3388160765171051 1011
1784393637845 0.2668389678001404 1012
1784393637848 0.23974458873271942 1013
1784393637850 0.27037686109542847 1014
1784393637853 0.29462289810180664 1015
1784393637855 0.25475579500198364 1016
1784393637858 0.2874736785888672 1017
1784393637860 0.24139785766601562 1018
1784393637863 0.2140021175146103 1019
1784393637865 0.24336807429790497 1020
1784393637867 0.23409625887870789 1021
1784393637869 0.23857609927654266 1022
1784393637872 0.18829599022865295 1023
1784393637874 0.22795668244361877 1024
1784393637876 0.2565803825855255 1025
1784393637878 0.1946425884962082 1026
1784393637881 0.24491113424301147 1027
1784393637883 0.20662479102611542 1028
1784393637886 0.19078347086906433 1029
1784393637888 0.19693462550640106 1030
1784393637890 0.22246351838111877 1031
1784393637893 0.18817518651485443 1032
1784393637895 0.22922362387180328 1033
1784393637897 0.21339918673038483 1034
1784393637899 0.1969974935054779 1035
1784393637901 0.220491424202919 1036
1784393637904 0.22449719905853271 1037
1784393637906 0.252372682094574 1038
1784393637909 0.24782072007656097 1039
1784393637911 0.20448535680770874 1040
1784393637913 0.2537367641925812 1041
1784393637916 0.22996513545513153 1042
1784393637918 0.1646856963634491 1043
1784393637920 0.23442617058753967 1044
1784393637923 0.17911937832832336 1045
1784393637925 0.21394097805023193 1046
1784393637928 0.2006206512451172 1047
1784393637930 0.19255125522613525 1048
1784393637933 0.23485520482063293 1049
1784393637936 0.17516693472862244 1050
1784393637938 0.27915412187576294 1051
1784393637941 0.2761480510234833 1052
1784393637943 0.19198712706565857 1053
1784393637946 0.30237364768981934 1054
1784393637948 0.27547723054885864 1055
1784393637951 0.21313521265983582 1056
1784393637954 0.3290461599826813 1057
1784393637956 0.2449060082435608 1058
1784393637960 0.22907370328903198 1059
1784393637962 0.24204857647418976 1060
1784393637965 0.22255945205688477 1061
1784393637967 0.22866807878017426 1062
1784393637970 0.2499472200870514 1063
1784393637972 0.24510952830314636 1064
1784393637977 0.36074310541152954 1065
1784393637979 0.22179237008094788 1066
1784393637982 0.2271612286567688 1067
1784393637984 0.2849055230617523 1068
1784393637986 0.2481643706560135 1069
1784393637989 0.23177295923233032 1070
1784393637991 0.3061071038246155 1071
1784393637993 0.29524946212768555 1072
1784393637996 0.3113710284233093 1073
1784393637998 0.2688676118850708 1074
1784393638000 0.3654097616672516 1075
1784393638002 0.32977017760276794 1076
1784393638005 0.28956663608551025 1077
1784393638008 0.22742371261119843 1078
1784393638010 0.28767895698547363 1079
1784393638013 0.40866148471832275 1080
1784393638015 0.2854282259941101 1081
1784393638018 0.21662062406539917 1082
1784393638020 0.2738035321235657 1083
1784393638023 0.26292160153388977 1084
1784393638025 0.25382712483406067 1085
1784393638028 0.23634058237075806 1086
1784393638031 0.2820836305618286 1087
1784393638034 0.3061143457889557 1088
1784393638036 0.2217078059911728 1089
1784393638038 0.2705095410346985 1090
1784393638041 0.33243197202682495 1091
1784393638044 0.23513111472129822 1092
1784393638046 0.22563211619853973 1093
1784393638049 0.2620585560798645 1094
1784393638051 0.21197660267353058 1095
1784393638053 0.3132069408893585 1096
1784393638056 0.2602236270904541 1097
1784393638058 0.2915836572647095 1098
1784393638060 0.308401882648468 1099
1784393638063 0.30962643027305603 1100
1784393638065 0.2456311136484146 1101
1784393638067 0.25578856468200684 1102
1784393638069 0.3122127950191498 1103
1784393638071 0.20182639360427856 1104
1784393638074 0.25291603803634644 1105
1784393638076 0.23452851176261902 1106
1784393638078 0.2405179738998413 1107
1784393638081 0.23638758063316345 1108
1784393638083 0.24832627177238464 1109
1784393638086 0.31408536434173584 1110
1784393638088 0.20696596801280975 1111
1784393638090 0.3196297883987427 1112
1784393638093 0.3033919334411621 1113
1784393638095 0.38443633913993835 1114
1784393638098 0.24837355315685272 1115
1784393638100 0.19132813811302185 1116
1784393638102 0.2682199776172638 1117
1784393638105 0.24066704511642456 1118
1784393638107 0.23028908669948578 1119
1784393638110 0.25933337211608887 1120
1784393638112 0.24544328451156616 1121
1784393638115 0.2075054943561554 1122
1784393638117 0.33653491735458374 1123
1784393638120 0.25563833117485046 1124
1784393638123 0.28611135482788086 1125
1784393638125 0.28025782108306885 1126
1784393638128 0.250995010137558 1127
1784393638130 0.24895571172237396 1128
1784393638132 0.2289884388446808 1129
1784393638134 0.22201992571353912 1130
1784393638136 0.21907246112823486 1131
1784393638139 0.2243146300315857 1132
1784393638141 0.2780586779117584 1133
1784393638144 0.22468619048595428 1134
1784393638146 0.24225912988185883 1135
1784393638149 0.2720041871070862 1136
1784393638151 0.2412036508321762 1137
1784393638154 0.2633393108844757 1138
1784393638156 0.2416398972272873 1139
1784393638158 0.20650073885917664 1140
1784393638161 0.2882850468158722 1141
1784393638164 0.25014522671699524 1142
1784393638166 0.2573849558830261 1143
1784393638168 0.33167093992233276 1144
1784393638171 0.25832244753837585 1145
1784393638173 0.28751081228256226 1146
1784393638175 0.30368679761886597 1147
1784393638178 0.26305004954338074 1148
1784393638180 0.3149570822715759 1149
1784393638184 0.37047794461250305 1150
1784393638186 0.28944137692451477 1151
1784393638189 0.24396644532680511 1152
1784393638192 0.2784814238548279 1153
1784393638195 0.2107343226671219 1154
1784393638198 0.31045547127723694 1155
1784393638200 0.233915776014328 1156
1784393638202 0.33822521567344666 1157
1784393638205 0.28603607416152954 1158
1784393638207 0.31904131174087524 1159
1784393638209 0.3831331431865692 1160
1784393638212 0.26013219356536865 1161
1784393638214 0.3189963102340698 1162
1784393638217 0.43160971999168396 1163
1784393638220 0.3601372241973877 1164
1784393638222 0.22826074063777924 1165
1784393638225 0.4043896794319153 1166
1784393638227 0.39139240980148315 1167
1784393638230 0.2129485309123993 1168
1784393638232 0.3753374218940735 1169
1784393638235 0.38462936878204346 1170
1784393638238 0.28547435998916626 1171
1784393638240 0.34216731786727905 1172
1784393638242 0.31964588165283203 1173
1784393638245 0.33487027883529663 1174
1784393638247 0.30285632610321045 1175
1784393638250 0.36409392952919006 1176
1784393638252 0.30650758743286133 1177
1784393638254 0.31997621059417725 1178
1784393638256 0.3506390154361725 1179
1784393638258 0.24000848829746246 1180
1784393638261 0.31602564454078674 1181
1784393638263 0.2911938428878784 1182
1784393638266 0.22391414642333984 1183
1784393638268 0.2761295735836029 1184
1784393638270 0.30001184344291687 1185
1784393638273 0.2847592532634735 1186
1784393638275 0.2981436550617218 1187
1784393638277 0.23203817009925842 1188
1784393638279 0.22459828853607178 1189
1784393638282 0.23658975958824158 1190
1784393638284 0.21481917798519135 1191
1784393638286 0.19057586789131165 1192
1784393638289 0.2543342411518097 1193
1784393638291 0.22784078121185303 1194
1784393638293 0.1864791214466095 1195
1784393638295 0.2134806513786316 1196
1784393638298 0.2508860230445862 1197
1784393638300 0.19210422039031982 1198
1784393638302 0.27509668469429016 1199
1784393638305 0.23485833406448364 1200
1784393638307 0.23468926548957825 1201
1784393638310 0.2593607008457184 1202
1784393638312 0.3231508135795593 1203
1784393638314 0.2703026533126831 1204
1784393638317 0.29859182238578796 1205
1784393638319 0.3046016991138458 1206
1784393638322 0.24740329384803772 1207
1784393638324 0.2819889485836029 1208
1784393638327 0.2644517421722412 1209
1784393638329 0.28571581840515137 1210
1784393638331 0.2457229197025299 1211
1784393638334 0.20170529186725616 1212
1784393638336 0.22968441247940063 1213
1784393638339 0.23628661036491394 1214
1784393638341 0.23697176575660706 1215
1784393638343 0.21319922804832458 1216
1784393638345 0.3066193461418152 1217
1784393638347 0.23553414642810822 1218
1784393638349 0.18525563180446625 1219
1784393638352 0.23902393877506256 1220
1784393638355 0.2266087830066681 1221
1784393638357 0.2017299383878708 1222
1784393638360 0.18985208868980408 1223
1784393638362 0.20518437027931213 1224
1784393638366 0.2077115774154663 1225
1784393638368 0.25573471188545227 1226
1784393638371 0.26301729679107666 1227
1784393638373 0.21318292617797852 1228
1784393638375 0.2682760953903198 1229
1784393638378 0.2574698328971863 1230
1784393638380 0.23906591534614563 1231
1784393638383 0.28651249408721924 1232
1784393638385 0.1813683807849884 1233
1784393638388 0.2387445569038391 1234
1784393638391 0.22815051674842834 1235
1784393638393 0.2443099319934845 1236
1784393638396 0.3085821568965912 1237
1784393638398 0.2762802839279175 1238
1784393638400 0.24021287262439728 1239
1784393638403 0.26271820068359375 1240
1784393638405 0.25763192772865295 1241
1784393638408 0.19283297657966614 1242
1784393638411 0.26153481006622314 1243
1784393638413 0.2370568960905075 1244
1784393638416 0.23774117231369019 1245
1784393638419 0.25869113206863403 1246
1784393638421 0.1783330738544464 1247
1784393638424 0.23648792505264282 1248
1784393638426 0.2585888206958771 1249
1784393638429 0.1731366068124771 1250
1784393638432 0.3117537498474121 1251
1784393638435 0.19106759130954742 1252
1784393638437 0.20165708661079407 1253
1784393638439 0.2560313045978546 1254
1784393638441 0.22261600196361542 1255
1784393638444 0.21713519096374512 1256
1784393638446 0.24149318039417267 1257
1784393638448 0.21833032369613647 1258
1784393638451 0.24231864511966705 1259
1784393638453 0.1854533553123474 1260
1784393638455 0.2725815773010254 1261
1784393638458 0.26980552077293396 1262
1784393638460 0.239864319562912 1263
1784393638463 0.29645758867263794 1264
1784393638465 0.2575835883617401 1265
1784393638469 0.27555927634239197 1266
1784393638471 0.29139551520347595 1267
1784393638474 0.3579290807247162 1268
1784393638476 0.2912096083164215 1269
1784393638479 0.26308760046958923 1270
1784393638481 0.261812299489975 1271
1784393638484 0.2859352231025696 1272
1784393638486 0.21247103810310364 1273
1784393638488 0.2783587872982025 1274
1784393638491 0.24117806553840637 1275
1784393638493 0.23579049110412598 1276
1784393638495 0.24856950342655182 1277
1784393638498 0.2369108498096466 1278
1784393638500 0.221135675907135 1279
1784393638502 0.259156733751297 1280
1784393638505 0.20658862590789795 1281
1784393638507 0.21972805261611938 1282
1784393638510 0.2731420397758484 1283
1784393638512 0.2454688549041748 1284
1784393638514 0.20433257520198822 1285
1784393638517 0.2965419888496399 1286
1784393638519 0.1964237093925476 1287
1784393638522 0.262931227684021 1288
1784393638524 0.26081550121307373 1289
1784393638527 0.19961673021316528 1290
1784393638529 0.24938656389713287 1291
1784393638531 0.28119027614593506 1292
1784393638533 0.2609017491340637 1293
1784393638535 0.24333249032497406 1294
1784393638537 0.29632705450057983 1295
1784393638540 0.2726021111011505 1296
1784393638542 0.2875998616218567 1297
1784393638545 0.3103601932525635 1298
1784393638547 0.2636253237724304 1299
1784393638549 0.27478957176208496 1300
1784393638551 0.228946715593338 1301
1784393638554 0.2605893015861511 1302
1784393638556 0.23392562568187714 1303
1784393638558 0.20670415461063385 1304
1784393638561 0.2686800956726074 1305
1784393638562 0.214017853140831 1306
1784393638565 0.25209224224090576 1307
1784393638567 0.18819570541381836 1308
1784393638570 0.3386325240135193 1309
1784393638572 0.21355462074279785 1310
1784393638574 0.30867210030555725 1311
1784393638577 0.3448387086391449 1312
1784393638579 0.2621840536594391 1313
1784393638581 0.29079097509384155 1314
1784393638584 0.19082129001617432 1315
1784393638586 0.24940353631973267 1316
1784393638589 0.2651866376399994 1317
1784393638591 0.1873784214258194 1318
1784393638593 0.25028887391090393 1319
1784393638596 0.25748565793037415 1320
1784393638598 0.21643708646297455 1321
1784393638601 0.26730960607528687 1322
1784393638603 0.22554504871368408 1323
1784393638606 0.2235107123851776 1324
1784393638608 0.27646490931510925 1325
1784393638610 0.2275930792093277 1326
1784393638612 0.2259780913591385 1327
1784393638615 0.22432762384414673 1328
1784393638617 0.1972578763961792 1329
1784393638619 0.25441792607307434 1330
1784393638621 0.21438738703727722 1331
1784393638624 0.2150273323059082 1332
1784393638626 0.2406260371208191 1333
1784393638628 0.22853267192840576 1334
1784393638631 0.20864666998386383 1335
1784393638634 0.2463184893131256 1336
1784393638636 0.2033710777759552 1337
1784393638639 0.1987229734659195 1338
1784393638642 0.24180997908115387 1339
1784393638646 0.25943487882614136 1340
1784393638649 0.2886069118976593 1341
1784393638652 0.3146767020225525 1342
1784393638655 0.21637311577796936 1343
1784393638657 0.2531281113624573 1344
1784393638659 0.25709548592567444 1345
1784393638662 0.3111336827278137 1346
1784393638665 0.2566802501678467 1347
1784393638667 0.3041094243526459 1348
1784393638670 0.24415887892246246 1349
1784393638672 0.26643890142440796 1350
1784393638675 0.31505632400512695 1351
1784393638677 0.18113739788532257 1352
1784393638680 0.34124723076820374 1353
1784393638682 0.3186025321483612 1354
1784393638684 0.265085905790329 1355
1784393638687 0.2491731494665146 1356
1784393638689 0.21153898537158966 1357
1784393638692 0.23348577320575714 1358
1784393638695 0.2588028907775879 1359
1784393638697 0.20012445747852325 1360
1784393638700 0.19246450066566467 1361
1784393638702 0.28422465920448303 1362
1784393638705 0.23713812232017517 1363
1784393638707 0.21651282906532288 1364
1784393638710 0.2423982322216034 1365
1784393638713 0.19138577580451965 1366
1784393638716 0.27003318071365356 1367
1784393638718 0.2172657549381256 1368
1784393638721 0.24485287070274353 1369
1784393638724 0.22065599262714386 1370
1784393638726 0.33101996779441833 1371
1784393638729 0.2763309180736542 1372
1784393638731 0.22396478056907654 1373
1784393638734 0.34026098251342773 1374
1784393638736 0.1919124722480774 1375
1784393638739 0.3433946669101715 1376
1784393638741 0.31939536333084106 1377
1784393638743 0.1887146234512329 1378
1784393638745 0.34744927287101746 1379
1784393638748 0.27983954548835754 1380
1784393638751 0.21418823301792145 1381
1784393638754 0.26477575302124023 1382
1784393638756 0.21296793222427368 1383
1784393638759 0.212885320186615 1384
1784393638761 0.2590743601322174 1385
1784393638764 0.17237408459186554 1386
1784393638767 0.22745589911937714 1387
1784393638769 0.1875988095998764 1388
1784393638772 0.23368801176548004 1389
1784393638775 0.2176210880279541 1390
1784393638777 0.16542203724384308 1391
1784393638780 0.20573729276657104 1392
1784393638783 0.21237748861312866 1393
1784393638785 0.2205316424369812 1394
1784393638788 0.21059080958366394 1395
1784393638790 0.2828921675682068 1396
1784393638793 0.27260223031044006 1397
1784393638795 0.24376921355724335 1398
1784393638797 0.28147581219673157 1399
1784393638799 0.32163044810295105 1400
1784393638802 0.2575717568397522 1401
1784393638804 0.21051844954490662 1402
1784393638807 0.318421334028244 1403
1784393638809 0.22696292400360107 1404
1784393638811 0.31417790055274963 1405
1784393638814 0.292968213558197 1406
1784393638816 0.285659521818161 1407
1784393638818 0.2853701412677765 1408
1784393638820 0.2926403880119324 1409
1784393638822 0.2985459268093109 1410
1784393638824 0.2464887648820877 1411
1784393638827 0.3187483251094818 1412
1784393638829 0.2808281183242798 1413
1784393638832 0.3122047185897827 1414
1784393638834 0.34088465571403503 1415
1784393638836 0.31504571437835693 1416
1784393638838 0.2949128746986389 1417
1784393638840 0.32410624623298645 1418
1784393638843 0.4079124927520752 1419
1784393638845 0.2995416224002838 1420
1784393638847 0.33729660511016846 1421
1784393638850 0.37057822942733765 1422
1784393638852 0.31611794233322144 1423
1784393638854 0.3141995370388031 1424
1784393638856 0.271666556596756 1425
1784393638858 0.36701810359954834 1426
1784393638860 0.2612912654876709 1427
1784393638863 0.2691428065299988 1428
1784393638865 0.3406066298484802 1429
1784393638868 0.26862162351608276 1430
1784393638870 0.2749771177768707 1431
1784393638873 0.22397084534168243 1432
1784393638875 0.20442403852939606 1433
1784393638877 0.21841144561767578 1434
1784393638880 0.22001579403877258 1435
1784393638882 0.23733840882778168 1436
1784393638884 0.1943931132555008 1437
1784393638887 0.20413680374622345 1438
1784393638889 0.1845082938671112 1439
1784393638891 0.27858808636665344 1440
1784393638894 0.22861099243164062 1441
1784393638896 0.26875200867652893 1442
1784393638898 0.29814425110816956 1443
1784393638900 0.2970697283744812 1444
1784393638902 0.32745790481567383 1445
1784393638905 0.23729479312896729 1446
1784393638907 0.30220499634742737 1447
1784393638910 0.33935636281967163 1448
1784393638912 0.28094780445098877 1449
1784393638914 0.22560378909111023 1450
1784393638917 0.3113545775413513 1451
1784393638919 0.22974339127540588 1452
1784393638922 0.2996178865432739 1453
1784393638925 0.2630927860736847 1454
1784393638927 0.2815191149711609 1455
1784393638930 0.36423802375793457 1456
1784393638932 0.27706843614578247 1457
1784393638934 0.26085424423217773 1458
1784393638936 0.3474300503730774 1459
1784393638938 0.26554790139198303 1460
1784393638941 0.30037662386894226 1461
1784393638943 0.4128473997116089 1462
1784393638945 0.280346155166626 1463
1784393638948 0.2861441671848297 1464
1784393638950 0.35349154472351074 1465
1784393638953 0.27248862385749817 1466
1784393638955 0.21321982145309448 1467
1784393638957 0.23848184943199158 1468
1784393638960 0.1739121675491333 1469
1784393638962 0.2972434163093567 1470
1784393638965 0.2653994560241699 1471
1784393638967 0.2202450931072235 1472
1784393638970 0.25543996691703796 1473
1784393638972 0.19860431551933289 1474
1784393638974 0.2468527853488922 1475
1784393638976 0.23071664571762085 1476
1784393638978 0.234928160905838 1477
1784393638980 0.31434720754623413 1478
1784393638983 0.21185961365699768 1479
1784393638985 0.23631936311721802 1480
1784393638987 0.262967973947525 1481
1784393638990 0.2032555341720581 1482
1784393638992 0.21852153539657593 1483
1784393638994 0.2570578157901764 1484
1784393638996 0.2304302603006363 1485
1784393638998 0.2504042983055115 1486
1784393639001 0.2702949047088623 1487
1784393639003 0.22644492983818054 1488
1784393639006 0.2269374430179596 1489
1784393639009 0.2634214758872986 1490
1784393639011 0.2052067518234253 1491
1784393639014 0.24647821485996246 1492
1784393639016 0.2736399471759796 1493
1784393639018 0.30265092849731445 1494
1784393639021 0.31675222516059875 1495
1784393639023 0.24974270164966583 1496
1784393639026 0.3063758611679077 1497
1784393639028 0.40163999795913696 1498
1784393639031 0.3151659071445465 1499
1784393639033 0.24801549315452576 1500
1784393639036 0.2936128079891205 1501
1784393639038 0.2405666559934616 1502
1784393639040 0.2818213105201721 1503
1784393639043 0.252939373254776 1504
1784393639046 0.26269853115081787 1505
1784393639048 0.33097270131111145 1506
1784393639051 0.2062550038099289 1507
1784393639054 0.3267535865306854 1508
1784393639056 0.25370103120803833 1509
1784393639059 0.26287850737571716 1510
1784393639061 0.2819308936595917 1511
1784393639064 0.2427433431148529 1512
1784393639067 0.24679750204086304 1513
1784393639069 0.27931517362594604 1514
1784393639072 0.29059386253356934 1515
1784393639075 0.26829150319099426 1516
1784393639091 0.29913175106048584 1517
1784393639094 0.2953478991985321 1518
1784393639096 0.3467775881290436 1519
1784393639099 0.31698182225227356 1520
1784393639101 0.40889471769332886 1521
1784393639104 0.3120800852775574 1522
1784393639107 0.290236234664917 1523
1784393639109 0.31447461247444153 1524
1784393639113 0.2621564269065857 1525
1784393639115 0.29064688086509705 1526
1784393639117 0.31148985028266907 1527
1784393639120 0.23768208920955658 1528
1784393639123 0.24706816673278809 1529
1784393639125 0.28009214997291565 1530
1784393639127 0.2807859778404236 1531
1784393639130 0.2325824499130249 1532
1784393639132 0.27264851331710815 1533
1784393639134 0.2554228901863098 1534
1784393639136 0.23835022747516632 1535
1784393639138 0.27354326844215393 1536
1784393639141 0.28356075286865234 1537
1784393639143 0.2767888605594635 1538
1784393639145 0.34166789054870605 1539
1784393639148 0.2562982439994812 1540
1784393639150 0.3026079833507538 1541
1784393639153 0.3194795548915863 1542
1784393639155 0.2571727931499481 1543
1784393639157 0.2673714756965637 1544
1784393639160 0.3109162449836731 1545
1784393639163 0.27217525243759155 1546
1784393639165 0.3003680408000946 1547
1784393639167 0.2376776784658432 1548
1784393639170 0.28624776005744934 1549
1784393639172 0.25036436319351196 1550
1784393639175 0.2691599428653717 1551
1784393639177 0.32305654883384705 1552
1784393639179 0.2110365778207779 1553
1784393639181 0.2646440267562866 1554
1784393639184 0.3033197820186615 1555
1784393639187 0.31205445528030396 1556
1784393639190 0.25156456232070923 1557
1784393639192 0.2668279707431793 1558
1784393639194 0.2311444878578186 1559
1784393639197 0.2048228532075882 1560
1784393639199 0.21548527479171753 1561
1784393639202 0.2808868885040283 1562
1784393639204 0.23578405380249023 1563
1784393639206 0.2172451764345169 1564
1784393639209 0.26095062494277954 1565
1784393639211 0.2765686810016632 1566
1784393639213 0.2513290047645569 1567
1784393639215 0.2801536023616791 1568
1784393639217 0.2604615092277527 1569
1784393639219 0.22874672710895538 1570
1784393639221 0.25160008668899536 1571
1784393639223 0.183233380317688 1572
1784393639226 0.2252439260482788 1573
1784393639228 0.20730040967464447 1574
1784393639231 0.23797878623008728 1575
1784393639233 0.274763286113739 1576
1784393639235 0.322050541639328 1577
1784393639238 0.2300618439912796 1578
1784393639240 0.3189094364643097 1579
1784393639242 0.2775976359844208 1580
1784393639245 0.31313368678092957 1581
1784393639248 0.3538416624069214 1582
1784393639250 0.3302196264266968 1583
1784393639253 0.3035798668861389 1584
1784393639255 0.3000124990940094 1585
1784393639257 0.277648389339447 1586
1784393639259 0.3166690468788147 1587
1784393639261 0.21742214262485504 1588
1784393639264 0.2817082703113556 1589
1784393639266 0.2642836272716522 1590
1784393639269 0.2985694110393524 1591
1784393639271 0.2354554533958435 1592
1784393639274 0.2428642213344574 1593
1784393639276 0.3049071729183197 1594
1784393639278 0.2882813811302185 1595
1784393639280 0.25590717792510986 1596
1784393639282 0.3093721270561218 1597
1784393639284 0.29789239168167114 1598
1784393639287 0.23045982420444489 1599
1784393639289 0.22472956776618958 1600
1784393639292 0.23481792211532593 1601
1784393639294 0.2100803554058075 1602
1784393639296 0.23164932429790497 1603
1784393639299 0.2800811231136322 1604
1784393639301 0.24327202141284943 1605
1784393639303 0.2645535469055176 1606
1784393639306 0.23253044486045837 1607
1784393639308 0.21473747491836548 1608
1784393639311 0.20403841137886047 1609
1784393639314 0.18365193903446198 1610
1784393639316 0.20336490869522095 1611
1784393639319 0.26304832100868225 1612
1784393639321 0.21201948821544647 1613
1784393639324 0.23377855122089386 1614
1784393639326 0.2549014985561371 1615
1784393639329 0.2650578022003174 1616
1784393639331 0.27378249168395996 1617
1784393639334 0.2656782269477844 1618
1784393639336 0.3162427842617035 1619
1784393639339 0.30776870250701904 1620
1784393639342 0.2485397607088089 1621
1784393639344 0.27989324927330017 1622
1784393639348 0.2320147305727005 1623
1784393639350 0.3444092571735382 1624
1784393639352 0.25361040234565735 1625
1784393639354 0.26962053775787354 1626
1784393639356 0.24886885285377502 1627
1784393639359 0.30408385396003723 1628
1784393639361 0.23934543132781982 1629
1784393639363 0.23926357924938202 1630
1784393639366 0.27491557598114014 1631
1784393639368 0.23794864118099213 1632
1784393639371 0.26873645186424255 1633
1784393639373 0.2165626734495163 1634
1784393639375 0.16673652827739716 1635
1784393639378 0.21519805490970612 1636
1784393639380 0.2385260909795761 1637
1784393639383 0.18877993524074554 1638
1784393639386 0.27046114206314087 1639
1784393639388 0.18211422860622406 1640
1784393639391 0.27678918838500977 1641
1784393639393 0.22447896003723145 1642
1784393639396 0.20723609626293182 1643
1784393639398 0.22170042991638184 1644
1784393639400 0.1834423989057541 1645
1784393639402 0.2107030749320984 1646
1784393639404 0.2303929328918457 1647
1784393639407 0.17763984203338623 1648
1784393639410 0.18955039978027344 1649
1784393639412 0.26665744185447693 1650
1784393639415 0.21570755541324615 1651
1784393639417 0.24528004229068756 1652
1784393639427 0.22253170609474182 1653
1784393639430 0.17383575439453125 1654
1784393639433 0.21306684613227844 1655
1784393639435 0.20351459085941315 1656
1784393639438 0.20971493422985077 1657
1784393639440 0.19758115708827972 1658
1784393639442 0.15808062255382538 1659
1784393639445 0.22693094611167908 1660
1784393639447 0.24869105219841003 1661
1784393639450 0.1369304209947586 1662
1784393639452 0.23928748071193695 1663
1784393639454 0.2004876583814621 1664
1784393639458 0.1684751659631729 1665
1784393639460 0.2028181403875351 1666
1784393639463 0.15935130417346954 1667
1784393639465 0.2307431846857071 1668
1784393639468 0.19898375868797302 1669
1784393639470 0.26741233468055725 1670
1784393639472 0.19547000527381897 1671
1784393639475 0.28564968705177307 1672
1784393639477 0.3068273067474365 1673
1784393639480 0.2868807911872864 1674
1784393639482 0.28965088725090027 1675
1784393639484 0.3328876495361328 1676
1784393639487 0.40530943870544434 1677
1784393639490 0.25999823212623596 1678
1784393639493 0.3209877014160156 1679
1784393639495 0.3799968659877777 1680
1784393639497 0.2961820363998413 1681
1784393639500 0.25241678953170776 1682
1784393639503 0.3566531538963318 1683
1784393639506 0.2855147123336792 1684
1784393639509 0.3863815367221832 1685
1784393639512 0.26713764667510986 1686
1784393639514 0.36313438415527344 1687
1784393639517 0.39730629324913025 1688
1784393639519 0.4138105809688568 1689
1784393639522 0.339826375246048 1690
1784393639525 0.3239831030368805 1691
1784393639528 0.33005911111831665 1692
1784393639530 0.3555853068828583 1693
1784393639532 0.3173034191131592 1694
1784393639534 0.3439202606678009 1695
1784393639536 0.32092657685279846 1696
1784393639538 0.3425757586956024 1697
1784393639541 0.3199280798435211 1698
1784393639543 0.28705960512161255 1699
1784393639545 0.277445912361145 1700
1784393639548 0.32021695375442505 1701
1784393639550 0.27711063623428345 1702
1784393639553 0.3157101571559906 1703
1784393639556 0.27463865280151367 1704
1784393639559 0.2538868486881256 1705
1784393639561 0.2767765522003174 1706
1784393639564 0.3264325261116028 1707
1784393639567 0.19881394505500793 1708
1784393639570 0.3706652522087097 1709
1784393639573 0.2879981994628906 1710
1784393639576 0.3119133412837982 1711
1784393639579 0.22086693346500397 1712
1784393639582 0.2758036255836487 1713
1784393639585 0.2581152021884918 1714
1784393639588 0.2541704773902893 1715
1784393639591 0.3180971145629883 1716
1784393639594 0.3271491229534149 1717
1784393639597 0.23093107342720032 1718
1784393639600 0.22196468710899353 1719
1784393639603 0.22539663314819336 1720
1784393639606 0.2450474202632904 1721
1784393639610 0.20386725664138794 1722
1784393639613 0.256356805562973 1723
1784393639616 0.20241335034370422 1724
1784393639619 0.22055774927139282 1725
1784393639622 0.28938475251197815 1726
1784393639625 0.1405334323644638 1727
1784393639628 0.226060152053833 1728
1784393639631 0.21241924166679382 1729
1784393639634 0.2281627207994461 1730
1784393639636 0.3309567868709564 1731
1784393639638 0.2890211343765259 1732
1784393639640 0.30372685194015503 1733
1784393639642 0.26160088181495667 1734
1784393639645 0.3139175474643707 1735
1784393639647 0.1749807745218277 1736
1784393639649 0.2976338863372803 1737
1784393639652 0.24497397243976593 1738
1784393639654 0.21594329178333282 1739
1784393639657 0.3061906397342682 1740
1784393639660 0.19669084250926971 1741
1784393639663 0.328380823135376 1742
1784393639665 0.2979109585285187 1743
1784393639668 0.17345236241817474 1744
1784393639671 0.2696474492549896 1745
1784393639673 0.236355260014534 1746
1784393639676 0.2644665837287903 1747
1784393639678 0.36616140604019165 1748
1784393639681 0.27011802792549133 1749
1784393639683 0.32650676369667053 1750
1784393639685 0.21718022227287292 1751
1784393639687 0.2489708960056305 1752
1784393639690 0.23273947834968567 1753
1784393639692 0.22040735185146332 1754
1784393639694 0.1905188262462616 1755
1784393639696 0.24387489259243011 1756
1784393639698 0.23188643157482147 1757
1784393639700 0.2282288372516632 1758
1784393639702 0.21638678014278412 1759
1784393639705 0.23982085287570953 1760
1784393639707 0.1884738802909851 1761
1784393639709 0.1980103999376297 1762
1784393639712 0.2543499767780304 1763
1784393639715 0.15514788031578064 1764
1784393639718 0.20029379427433014 1765
1784393639721 0.17574229836463928 1766
1784393639724 0.14268487691879272 1767
1784393639727 0.17329426109790802 1768
1784393639730 0.16844992339611053 1769
1784393639733 0.18224135041236877 1770
1784393639736 0.20209506154060364 1771
1784393639739 0.18392199277877808 1772
1784393639742 0.21898995339870453 1773
1784393639745 0.3028308153152466 1774
1784393639748 0.23801054060459137 1775
1784393639751 0.247817724943161 1776
1784393639753 0.2592918276786804 1777
1784393639756 0.2805384397506714 1778
1784393639759 0.25437313318252563 1779
1784393639761 0.23643828928470612 1780
1784393639763 0.25118833780288696 1781
1784393639765 0.3362172842025757 1782
1784393639768 0.2392788678407669 1783
1784393639771 0.26347294449806213 1784
1784393639773 0.23452258110046387 1785
1784393639775 0.3032000958919525 1786
1784393639778 0.3178263306617737 1787
1784393639780 0.2810644805431366 1788
1784393639782 0.2182348221540451 1789
1784393639785 0.28080838918685913 1790
1784393639787 0.25462424755096436 1791
1784393639790 0.23734286427497864 1792
1784393639792 0.2468453049659729 1793
1784393639794 0.2189052700996399 1794
1784393639796 0.28406524658203125 1795
1784393639798 0.22803296148777008 1796
1784393639801 0.29774701595306396 1797
1784393639803 0.3030824363231659 1798
1784393639805 0.24588480591773987 1799
1784393639808 0.2866080105304718 1800
1784393639810 0.23182313144207 1801
1784393639812 0.25865793228149414 1802
1784393639815 0.22608250379562378 1803
1784393639817 0.2780113220214844 1804
1784393639819 0.2303602546453476 1805
1784393639822 0.2252732515335083 1806
1784393639824 0.30552518367767334 1807
1784393639827 0.20551393926143646 1808
1784393639830 0.21413330733776093 1809
1784393639833 0.24312521517276764 1810
1784393639835 0.23542194068431854 1811
1784393639838 0.2638733983039856 1812
1784393639840 0.1902501881122589 1813
1784393639843 0.2687377333641052 1814
1784393639846 0.28557997941970825 1815
1784393639848 0.2008545845746994 1816
1784393639851 0.28275901079177856 1817
1784393639853 0.23218432068824768 1818
1784393639856 0.22766274213790894 1819
1784393639858 0.21330559253692627 1820
1784393639861 0.18421795964241028 1821
1784393639864 0.20361880958080292 1822
1784393639867 0.22048798203468323 1823
1784393639870 0.2085159569978714 1824
1784393639873 0.2033349573612213 1825
1784393639876 0.230233833193779 1826
1784393639878 0.22496239840984344 1827
1784393639882 0.20717139542102814 1828
1784393639885 0.2185600847005844 1829
1784393639887 0.2575252652168274 1830
1784393639889 0.18031352758407593 1831
1784393639891 0.17451995611190796 1832
1784393639894 0.2577188313007355 1833
1784393639896 0.19427719712257385 1834
1784393639899 0.2373107522726059 1835
1784393639901 0.24966740608215332 1836
1784393639904 0.20678503811359406 1837
1784393639906 0.3065725862979889 1838
1784393639908 0.3085540533065796 1839
1784393639911 0.20473319292068481 1840
1784393639913 0.28097933530807495 1841
1784393639916 0.26093676686286926 1842
1784393639918 0.2289084643125534 1843
1784393639921 0.3490920960903168 1844
1784393639924 0.26689809560775757 1845
1784393639926 0.33034929633140564 1846
1784393639929 0.34733161330223083 1847
1784393639932 0.21711373329162598 1848
1784393639935 0.27200597524642944 1849
1784393639937 0.25666069984436035 1850
1784393639940 0.3586467504501343 1851
1784393639943 0.3123738765716553 1852
1784393639946 0.2933162748813629 1853
1784393639949 0.31528162956237793 1854
1784393639952 0.25755929946899414 1855
1784393639954 0.31546327471733093 1856
1784393639957 0.26417556405067444 1857
1784393639959 0.3905203938484192 1858
1784393639962 0.2817530632019043 1859
1784393639964 0.2540016770362854 1860
1784393639967 0.288113534450531 1861
1784393639969 0.2485235631465912 1862
1784393639973 0.2683453857898712 1863
1784393639975 0.36215320229530334 1864
1784393639978 0.2822774648666382 1865
1784393639980 0.303876131772995 1866
1784393639983 0.3653739392757416 1867
1784393639986 0.2634183168411255 1868
1784393639989 0.2608528435230255 1869
1784393639992 0.2908993065357208 1870
1784393639994 0.3193344473838806 1871
1784393639997 0.3566628694534302 1872
1784393639999 0.19666342437267303 1873
1784393640001 0.3115161955356598 1874
