1784394081057 0.09778333333331704 0
1784394087202 0.10194999999998301 1
1784394093203 0.1022333333333163 2
1784394098915 0.10399999999998268 3
1784394104524 0.09958333333331675 4
1784394110332 0.09864999999998356 5
1784394115994 0.1004333333333166 6
1784394121657 0.09896666666665017 7
1784394127441 0.10339999999998277 8
1784394133097 0.10131666666664979 9
1784394138871 0.10039999999998327 10
1784394144590 0.10058333333331658 11
1784394150064 0.09858333333331691 12
1784394155626 0.09753333333331708 13
1784394161257 0.09866666666665022 14
1784394166813 0.09936666666665012 15
1784394172567 0.10034999999998329 16
1784394178058 0.10184999999998302 17
1784394183779 0.10068333333331655 18
1784394189588 0.10041666666664993 19
1784394195400 0.10123333333331647 20
1784394201268 0.10313333333331615 21
1784394207140 0.09781666666665037 22
1784394212866 0.09969999999998339 23
1784394218625 0.10194999999998301 24
1784394224345 0.09908333333331683 25
1784394230078 0.10071666666664988 26
1784394235930 0.10026666666664996 27
1784394241705 0.09666666666665057 28
1784394247440 0.10011666666664999 29
