1784394383169 128.553955078125 0
1784394383172 93.45863342285156 1
1784394383173 106.38999938964844 2
1784394383175 97.43440246582031 3
1784394383177 86.09463500976562 4
1784394383179 69.44884490966797 5
1784394383180 71.40572357177734 6
1784394383182 78.0242919921875 7
1784394383184 78.2844467163086 8
1784394383186 64.24966430664062 9
1784394383188 62.71339416503906 10
1784394383190 70.50977325439453 11
1784394383192 72.70484161376953 12
1784394383194 61.495304107666016 13
1784394383196 62.17255401611328 14
1784394383197 61.63829040527344 15
1784394383200 57.17665481567383 16
1784394383202 64.59165954589844 17
1784394383204 63.47938919067383 18
1784394383206 58.78034973144531 19
1784394383207 54.545196533203125 20
1784394383210 50.975067138671875 21
1784394383211 53.43674087524414 22
1784394383213 49.9962043762207 23
1784394383215 49.56856155395508 24
1784394383217 50.0126838684082 25
1784394383219 46.304359436035156 26
1784394383221 43.9406852722168 27
1784394383223 46.810279846191406 28
1784394383225 42.02737808227539 29
1784394383227 40.73637008666992 30
1784394383229 41.55449676513672 31
1784394383231 45.72211837768555 32
1784394383233 46.46623229980469 33
1784394383235 44.38202667236328 34
1784394383237 43.232295989990234 35
1784394383239 47.17603302001953 36
1784394383241 44.95945358276367 37
1784394383243 45.292152404785156 38
1784394383245 43.9724006652832 39
1784394383246 39.69538116455078 40
1784394383248 41.24189758300781 41
1784394383250 43.514991760253906 42
1784394383252 43.88245391845703 43
1784394383254 42.399620056152344 44
1784394383257 41.40854263305664 45
1784394383259 39.804412841796875 46
1784394383261 38.277427673339844 47
1784394383263 36.22710037231445 48
1784394383264 36.22735595703125 49
1784394383266 36.035335540771484 50
1784394383268 41.02044677734375 51
1784394383270 37.68683624267578 52
1784394383272 37.6529541015625 53
1784394383274 36.07752990722656 54
1784394383276 37.5712776184082 55
1784394383277 36.07701873779297 56
1784394383279 33.56955337524414 57
1784394383281 34.648921966552734 58
1784394383283 35.05116271972656 59
1784394383284 36.21260070800781 60
1784394383286 34.534690856933594 61
1784394383289 33.891231536865234 62
1784394383291 33.886390686035156 63
1784394383293 32.87848663330078 64
1784394383295 33.276641845703125 65
1784394383296 34.17477798461914 66
1784394383299 34.895538330078125 67
1784394383301 36.04340744018555 68
1784394383303 32.39002990722656 69
1784394383305 33.653297424316406 70
1784394383307 36.27263259887695 71
1784394383308 32.33607864379883 72
1784394383310 29.53864097595215 73
1784394383313 29.549448013305664 74
1784394383315 34.65387725830078 75
1784394383316 30.875749588012695 76
1784394383318 29.67908477783203 77
1784394383320 29.12602424621582 78
1784394383322 32.88801193237305 79
1784394383324 29.341880798339844 80
1784394383326 28.279335021972656 81
1784394383327 30.265230178833008 82
1784394383329 30.593656539916992 83
1784394383331 32.22251510620117 84
1784394383333 31.5079288482666 85
1784394383335 29.148822784423828 86
1784394383337 31.152999877929688 87
1784394383339 32.82464599609375 88
1784394383341 27.278663635253906 89
1784394383343 28.876541137695312 90
1784394383345 30.774009704589844 91
1784394383346 28.423545837402344 92
1784394383349 27.984434127807617 93
1784394383350 29.160688400268555 94
1784394383352 30.630046844482422 95
1784394383355 30.622314453125 96
1784394383357 26.5427303314209 97
1784394383359 27.042827606201172 98
1784394383361 25.496837615966797 99
1784394383363 28.847749710083008 100
1784394383364 23.478103637695312 101
1784394383367 27.40561294555664 102
1784394383369 28.209060668945312 103
1784394383371 25.495386123657227 104
1784394383373 28.548093795776367 105
1784394383375 29.739561080932617 106
1784394383376 26.56747055053711 107
1784394383379 29.448848724365234 108
1784394383380 27.10500717163086 109
1784394383382 24.97916603088379 110
1784394383384 26.584115982055664 111
1784394383385 25.352453231811523 112
1784394383387 24.568965911865234 113
1784394383389 26.59771728515625 114
1784394383391 27.377023696899414 115
1784394383392 27.20720672607422 116
1784394383394 26.744792938232422 117
1784394383396 23.162113189697266 118
1784394383398 26.654184341430664 119
1784394383400 27.572975158691406 120
1784394383402 26.21243667602539 121
1784394383404 23.436382293701172 122
1784394383406 24.6019229888916 123
1784394383408 24.08214569091797 124
1784394383410 25.37279510498047 125
1784394383411 29.421152114868164 126
1784394383413 24.976587295532227 127
1784394383415 25.206382751464844 128
1784394383417 25.444278717041016 129
1784394383419 24.9345703125 130
1784394383421 25.186349868774414 131
1784394383423 28.24622917175293 132
1784394383424 25.314546585083008 133
1784394383427 28.466739654541016 134
1784394383428 24.881654739379883 135
1784394383430 26.194400787353516 136
1784394383432 28.042760848999023 137
1784394383434 24.875600814819336 138
1784394383435 27.868928909301758 139
1784394383437 25.74470329284668 140
1784394383439 23.830516815185547 141
1784394383441 25.493377685546875 142
1784394383442 23.583389282226562 143
1784394383444 24.45134925842285 144
1784394383446 28.618330001831055 145
1784394383448 24.459463119506836 146
1784394383449 26.879966735839844 147
1784394383452 24.876148223876953 148
1784394383454 26.00020980834961 149
1784394383456 25.002914428710938 150
1784394383457 24.026168823242188 151
1784394383459 27.52397346496582 152
1784394383461 24.078222274780273 153
1784394383462 24.455289840698242 154
1784394383464 26.639122009277344 155
1784394383466 21.365665435791016 156
1784394383467 25.549102783203125 157
1784394383470 28.63910675048828 158
1784394383471 21.481491088867188 159
1784394383474 28.131603240966797 160
1784394383476 25.105077743530273 161
1784394383478 20.160572052001953 162
1784394383479 26.3612060546875 163
1784394383481 27.0810489654541 164
1784394383483 20.04553985595703 165
1784394383485 25.89725685119629 166
1784394383487 28.318313598632812 167
1784394383489 20.667682647705078 168
1784394383491 27.78103256225586 169
1784394383493 25.472930908203125 170
1784394383495 24.923431396484375 171
1784394383496 29.08855628967285 172
1784394383498 25.753028869628906 173
1784394383500 27.882307052612305 174
1784394383502 28.716949462890625 175
1784394383503 25.103374481201172 176
1784394383505 24.58243751525879 177
1784394383507 20.794464111328125 178
1784394383508 23.00214195251465 179
1784394383510 24.186168670654297 180
1784394383512 24.46100616455078 181
1784394383514 22.435501098632812 182
1784394383516 24.82682991027832 183
1784394383518 24.047077178955078 184
1784394383519 25.289352416992188 185
1784394383521 25.666744232177734 186
1784394383523 24.382747650146484 187
1784394383524 24.0931453704834 188
1784394383526 23.280244827270508 189
1784394383527 21.006959915161133 190
1784394383529 21.023216247558594 191
1784394383531 23.174379348754883 192
1784394383533 21.364696502685547 193
1784394383535 19.66216278076172 194
1784394383537 23.718496322631836 195
1784394383539 23.484846115112305 196
1784394383541 21.808277130126953 197
1784394383543 23.15296173095703 198
1784394383545 20.678112030029297 199
1784394383548 21.414264678955078 200
1784394383549 22.472509384155273 201
1784394383551 23.95343589782715 202
1784394383553 21.873069763183594 203
1784394383555 23.170272827148438 204
1784394383557 23.04143524169922 205
1784394383559 26.619434356689453 206
1784394383561 26.455322265625 207
1784394383563 21.281265258789062 208
1784394383565 23.276256561279297 209
1784394383567 24.778364181518555 210
1784394383569 20.984525680541992 211
1784394383571 22.32808494567871 212
1784394383573 21.831527709960938 213
1784394383575 23.38772964477539 214
1784394383577 21.09619140625 215
1784394383579 21.978742599487305 216
1784394383581 23.796092987060547 217
1784394383583 23.547691345214844 218
1784394383585 22.891128540039062 219
1784394383587 20.638408660888672 220
1784394383588 21.8504695892334 221
1784394383591 24.46648406982422 222
1784394383592 23.382625579833984 223
1784394383594 22.723630905151367 224
1784394383596 20.954898834228516 225
1784394383598 25.816328048706055 226
1784394383600 22.736785888671875 227
1784394383601 22.313282012939453 228
1784394383603 22.394948959350586 229
1784394383605 17.377235412597656 230
1784394383607 21.485681533813477 231
1784394383609 20.76287078857422 232
1784394383611 18.780176162719727 233
1784394383612 18.940017700195312 234
1784394383614 19.87139320373535 235
1784394383616 18.907278060913086 236
1784394383618 21.10006332397461 237
1784394383619 20.88703727722168 238
1784394383621 19.6919002532959 239
1784394383623 20.77666664123535 240
1784394383624 18.906063079833984 241
1784394383626 20.252626419067383 242
1784394383628 18.880239486694336 243
1784394383629 19.500225067138672 244
1784394383631 21.50084686279297 245
1784394383633 21.711273193359375 246
1784394383635 18.979673385620117 247
1784394383636 19.691308975219727 248
1784394383638 21.108379364013672 249
1784394383639 18.593772888183594 250
1784394383641 18.243303298950195 251
1784394383643 21.768001556396484 252
1784394383644 21.82735252380371 253
1784394383646 18.564355850219727 254
1784394383648 22.229127883911133 255
1784394383649 17.959074020385742 256
1784394383651 20.120716094970703 257
1784394383653 19.65976333618164 258
1784394383655 21.3836669921875 259
1784394383657 20.326038360595703 260
1784394383659 17.806941986083984 261
1784394383660 21.293777465820312 262
1784394383662 21.066686630249023 263
1784394383664 22.255525588989258 264
1784394383666 23.57487678527832 265
1784394383668 21.259342193603516 266
1784394383670 22.204158782958984 267
1784394383671 23.787355422973633 268
1784394383673 22.62076187133789 269
1784394383675 20.48252296447754 270
1784394383677 19.730976104736328 271
1784394383679 19.91741180419922 272
1784394383680 20.086036682128906 273
1784394383682 20.678020477294922 274
1784394383684 18.470966339111328 275
1784394383685 21.603572845458984 276
1784394383687 21.621261596679688 277
1784394383689 17.820449829101562 278
1784394383690 21.985069274902344 279
1784394383692 25.534181594848633 280
1784394383694 20.593210220336914 281
1784394383696 22.290639877319336 282
1784394383697 22.614675521850586 283
1784394383699 20.153030395507812 284
1784394383701 20.362154006958008 285
1784394383703 20.49645233154297 286
1784394383705 18.675167083740234 287
1784394383707 21.985130310058594 288
1784394383709 18.858427047729492 289
1784394383711 21.045459747314453 290
1784394383713 19.413997650146484 291
1784394383715 17.183734893798828 292
1784394383718 19.485671997070312 293
1784394383719 19.144224166870117 294
1784394383721 18.429115295410156 295
1784394383723 19.860069274902344 296
1784394383724 20.891462326049805 297
1784394383726 15.893514633178711 298
1784394383728 20.411651611328125 299
1784394383730 20.568017959594727 300
1784394383731 19.888168334960938 301
1784394383733 21.16489028930664 302
1784394383735 20.83491325378418 303
1784394383737 20.663686752319336 304
1784394383738 21.55070686340332 305
1784394383740 21.76537322998047 306
1784394383742 17.382156372070312 307
1784394383744 19.286617279052734 308
1784394383746 18.731826782226562 309
1784394383748 18.64422607421875 310
1784394383750 19.21030044555664 311
1784394383751 18.880359649658203 312
1784394383753 18.13430404663086 313
1784394383755 20.182029724121094 314
1784394383757 19.041961669921875 315
1784394383758 20.44601821899414 316
1784394383761 17.566551208496094 317
1784394383762 17.91221809387207 318
1784394383764 17.932823181152344 319
1784394383766 16.3321475982666 320
1784394383768 18.94715118408203 321
1784394383769 18.2586612701416 322
1784394383771 21.650171279907227 323
1784394383773 19.570608139038086 324
1784394383775 19.9528865814209 325
1784394383777 20.74927520751953 326
1784394383779 17.806636810302734 327
1784394383781 21.581071853637695 328
1784394383783 22.06341552734375 329
1784394383785 18.945388793945312 330
1784394383787 20.374439239501953 331
1784394383789 16.410301208496094 332
1784394383791 17.753002166748047 333
1784394383793 17.852821350097656 334
1784394383795 17.314899444580078 335
1784394383797 18.96268081665039 336
1784394383799 16.51949119567871 337
1784394383800 21.20252227783203 338
1784394383802 21.323272705078125 339
1784394383804 14.79837703704834 340
1784394383806 21.420917510986328 341
1784394383807 19.910818099975586 342
1784394383809 17.669708251953125 343
1784394383811 21.694740295410156 344
1784394383813 22.243070602416992 345
1784394383815 22.914546966552734 346
1784394383817 19.74808120727539 347
1784394383818 20.348478317260742 348
1784394383820 18.953365325927734 349
1784394383822 15.869680404663086 350
1784394383824 20.772674560546875 351
1784394383825 17.56128692626953 352
1784394383827 20.59748649597168 353
1784394383829 18.73101043701172 354
1784394383831 16.424335479736328 355
1784394383833 18.37030029296875 356
1784394383835 19.022855758666992 357
1784394383836 19.22201156616211 358
1784394383838 18.60096549987793 359
1784394383840 17.7393798828125 360
1784394383842 20.085023880004883 361
1784394383844 20.24085807800293 362
1784394383846 19.079761505126953 363
1784394383848 21.018190383911133 364
1784394383850 20.273937225341797 365
1784394383852 20.109365463256836 366
1784394383854 18.815500259399414 367
1784394383856 21.565282821655273 368
1784394383858 17.589799880981445 369
1784394383859 15.97842788696289 370
1784394383861 20.44092559814453 371
1784394383863 18.61800765991211 372
1784394383864 19.01782989501953 373
1784394383866 18.363224029541016 374
1784394383867 17.796939849853516 375
1784394383869 17.065784454345703 376
1784394383871 18.351659774780273 377
1784394383873 18.25900650024414 378
1784394383875 17.46649169921875 379
1784394383877 20.937477111816406 380
1784394383879 19.963176727294922 381
1784394383881 18.125669479370117 382
1784394383883 23.577295303344727 383
1784394383885 18.00176239013672 384
1784394383887 17.78240966796875 385
1784394383889 21.107105255126953 386
1784394383891 18.127988815307617 387
1784394383893 23.768756866455078 388
1784394383895 20.113208770751953 389
1784394383897 18.78619384765625 390
1784394383898 21.832164764404297 391
1784394383900 17.237953186035156 392
1784394383902 23.366554260253906 393
1784394383904 20.254199981689453 394
1784394383906 16.99994468688965 395
1784394383908 19.43317985534668 396
1784394383909 18.058494567871094 397
1784394383911 17.212688446044922 398
1784394383913 16.879398345947266 399
1784394383915 16.56454086303711 400
1784394383917 19.53927230834961 401
1784394383918 16.830657958984375 402
1784394383920 17.918882369995117 403
1784394383922 20.27103614807129 404
1784394383924 17.183902740478516 405
1784394383926 19.496309280395508 406
1784394383927 21.028528213500977 407
1784394383930 17.310972213745117 408
1784394383932 18.173507690429688 409
1784394383933 18.25792121887207 410
1784394383935 18.41642951965332 411
1784394383937 22.333036422729492 412
1784394383939 19.20083999633789 413
1784394383941 19.371641159057617 414
1784394383943 22.20733070373535 415
1784394383945 18.62776756286621 416
1784394383947 17.358264923095703 417
1784394383949 21.5537052154541 418
1784394383951 15.437166213989258 419
1784394383953 20.919336318969727 420
1784394383955 20.16559410095215 421
1784394383956 15.608221054077148 422
1784394383958 19.03310203552246 423
1784394383960 19.815120697021484 424
1784394383962 19.95607566833496 425
1784394383964 17.751564025878906 426
1784394383966 19.54882049560547 427
1784394383968 16.954784393310547 428
1784394383969 18.562538146972656 429
1784394383971 18.775999069213867 430
1784394383974 16.619962692260742 431
1784394383976 16.9791259765625 432
1784394383978 15.436729431152344 433
1784394383980 15.397831916809082 434
1784394383982 16.724964141845703 435
1784394383984 16.458969116210938 436
1784394383986 16.040332794189453 437
1784394383988 16.484617233276367 438
1784394383991 16.940587997436523 439
1784394383993 16.72840690612793 440
1784394383995 17.508628845214844 441
1784394383997 16.524429321289062 442
1784394383999 17.787424087524414 443
1784394384001 19.04309844970703 444
1784394384003 17.41949462890625 445
1784394384005 17.308042526245117 446
1784394384006 19.158523559570312 447
1784394384009 16.316377639770508 448
1784394384011 19.05082893371582 449
1784394384013 16.599258422851562 450
1784394384015 16.707639694213867 451
1784394384017 16.913217544555664 452
1784394384018 16.16116714477539 453
1784394384020 19.085926055908203 454
1784394384022 16.316370010375977 455
1784394384024 17.2626895904541 456
1784394384026 19.557758331298828 457
1784394384028 15.206483840942383 458
1784394384029 21.18808364868164 459
1784394384031 16.551279067993164 460
1784394384033 20.32415008544922 461
1784394384036 17.149507522583008 462
1784394384037 18.809946060180664 463
1784394384039 16.903156280517578 464
1784394384041 19.72392463684082 465
1784394384043 19.611438751220703 466
1784394384045 15.565309524536133 467
1784394384046 16.79736328125 468
1784394384048 19.459957122802734 469
1784394384050 18.674747467041016 470
1784394384052 18.879222869873047 471
1784394384054 18.115074157714844 472
1784394384056 19.086626052856445 473
1784394384058 17.517967224121094 474
1784394384059 21.722599029541016 475
1784394384061 18.17835807800293 476
1784394384063 17.352375030517578 477
1784394384064 18.247568130493164 478
1784394384066 18.279743194580078 479
1784394384068 21.258724212646484 480
1784394384070 19.855627059936523 481
1784394384071 17.02907371520996 482
1784394384073 17.880720138549805 483
1784394384075 18.626052856445312 484
1784394384077 15.023797988891602 485
1784394384079 19.02007484436035 486
1784394384080 16.718435287475586 487
1784394384082 17.319591522216797 488
1784394384084 22.103679656982422 489
1784394384085 14.666120529174805 490
1784394384087 17.0716552734375 491
1784394384089 15.526031494140625 492
1784394384091 16.055526733398438 493
1784394384092 15.849996566772461 494
1784394384094 15.373686790466309 495
1784394384096 17.16667938232422 496
1784394384097 16.172929763793945 497
1784394384099 17.742008209228516 498
1784394384100 16.830280303955078 499
1784394384102 17.899555206298828 500
1784394384103 19.851036071777344 501
1784394384105 15.613133430480957 502
1784394384107 17.10038185119629 503
1784394384108 14.6751070022583 504
1784394384110 16.810483932495117 505
1784394384111 16.920854568481445 506
1784394384113 15.823709487915039 507
1784394384115 15.458581924438477 508
1784394384117 17.13623046875 509
1784394384118 18.531314849853516 510
1784394384120 15.094701766967773 511
1784394384122 16.587705612182617 512
1784394384123 14.521769523620605 513
1784394384125 15.508638381958008 514
1784394384127 16.00176429748535 515
1784394384128 16.56205940246582 516
1784394384130 18.25579833984375 517
1784394384132 16.891437530517578 518
1784394384133 16.285287857055664 519
1784394384135 18.227548599243164 520
1784394384137 16.71026611328125 521
1784394384139 18.441556930541992 522
1784394384140 16.71946907043457 523
1784394384143 15.412266731262207 524
1784394384145 16.541379928588867 525
1784394384146 15.164043426513672 526
1784394384149 16.65778923034668 527
1784394384151 15.732908248901367 528
1784394384153 16.903799057006836 529
1784394384155 16.733993530273438 530
1784394384156 16.328222274780273 531
1784394384158 16.340869903564453 532
1784394384160 17.895734786987305 533
1784394384162 18.386526107788086 534
1784394384164 17.021522521972656 535
1784394384166 18.539310455322266 536
1784394384168 16.15318489074707 537
1784394384170 17.559349060058594 538
1784394384172 17.882125854492188 539
1784394384174 16.64735221862793 540
1784394384175 19.71981430053711 541
1784394384177 19.9969482421875 542
1784394384179 14.920356750488281 543
1784394384181 20.49781036376953 544
1784394384182 18.846126556396484 545
1784394384184 17.453651428222656 546
1784394384186 17.342391967773438 547
1784394384188 15.81243896484375 548
1784394384189 18.574642181396484 549
1784394384191 18.35604476928711 550
1784394384193 16.117809295654297 551
1784394384195 18.546741485595703 552
1784394384197 18.069602966308594 553
1784394384199 15.402448654174805 554
1784394384200 20.27790641784668 555
1784394384202 15.247312545776367 556
1784394384204 16.228134155273438 557
1784394384205 18.917146682739258 558
1784394384207 13.232670783996582 559
1784394384209 16.996349334716797 560
1784394384211 18.63140106201172 561
1784394384213 14.220069885253906 562
1784394384215 18.8286075592041 563
1784394384216 17.06642723083496 564
1784394384218 16.556428909301758 565
1784394384220 17.886295318603516 566
1784394384221 14.852968215942383 567
1784394384223 16.255916595458984 568
1784394384224 16.471406936645508 569
1784394384227 14.089949607849121 570
1784394384228 15.71789264678955 571
1784394384230 15.20887279510498 572
1784394384232 14.60193157196045 573
1784394384234 16.012313842773438 574
1784394384236 17.348546981811523 575
1784394384237 13.870441436767578 576
1784394384239 17.117027282714844 577
1784394384241 14.591840744018555 578
1784394384243 15.021370887756348 579
1784394384245 12.887932777404785 580
1784394384246 15.161630630493164 581
1784394384248 14.592172622680664 582
1784394384250 13.452777862548828 583
1784394384252 15.357566833496094 584
1784394384254 14.306501388549805 585
1784394384256 16.53851890563965 586
1784394384258 16.650508880615234 587
1784394384260 15.79713249206543 588
1784394384262 16.635116577148438 589
1784394384264 16.62745475769043 590
1784394384265 17.04969596862793 591
1784394384267 17.837221145629883 592
1784394384269 14.864431381225586 593
1784394384271 17.097394943237305 594
1784394384272 15.31611442565918 595
1784394384274 13.951068878173828 596
1784394384276 17.568645477294922 597
1784394384278 12.551490783691406 598
1784394384280 15.55696964263916 599
1784394384281 16.45973777770996 600
1784394384283 14.899945259094238 601
1784394384285 15.159902572631836 602
1784394384287 14.981292724609375 603
1784394384289 14.630681037902832 604
1784394384290 14.414944648742676 605
1784394384292 13.441659927368164 606
1784394384294 13.177963256835938 607
1784394384296 15.753263473510742 608
1784394384298 13.697946548461914 609
1784394384300 14.719144821166992 610
1784394384302 14.20434856414795 611
1784394384304 13.233195304870605 612
1784394384306 18.362350463867188 613
1784394384308 15.37779426574707 614
1784394384309 17.667335510253906 615
1784394384312 19.09193229675293 616
1784394384313 13.263442039489746 617
1784394384315 18.18930435180664 618
1784394384317 17.55097198486328 619
1784394384319 15.06149673461914 620
1784394384321 16.127777099609375 621
1784394384323 15.573183059692383 622
1784394384325 15.180547714233398 623
1784394384326 16.994686126708984 624
1784394384328 19.793472290039062 625
1784394384330 17.710376739501953 626
1784394384332 17.76600456237793 627
1784394384334 19.19713592529297 628
1784394384336 16.27112579345703 629
1784394384338 18.486797332763672 630
1784394384340 21.037981033325195 631
1784394384342 14.783348083496094 632
1784394384343 16.902545928955078 633
1784394384345 16.43825912475586 634
1784394384347 16.24755859375 635
1784394384349 16.105621337890625 636
1784394384351 14.579728126525879 637
1784394384352 14.449522018432617 638
1784394384354 13.903098106384277 639
1784394384356 14.599919319152832 640
1784394384357 15.370253562927246 641
1784394384359 15.049201011657715 642
1784394384361 15.346111297607422 643
1784394384362 16.02954864501953 644
1784394384364 16.226829528808594 645
1784394384366 18.06020736694336 646
1784394384368 18.679298400878906 647
1784394384370 14.49695873260498 648
1784394384371 16.68344497680664 649
1784394384374 16.320091247558594 650
1784394384375 14.4548921585083 651
1784394384377 15.75932788848877 652
1784394384379 14.086474418640137 653
1784394384380 14.941758155822754 654
1784394384382 14.958806037902832 655
1784394384383 14.09955883026123 656
1784394384385 16.002466201782227 657
1784394384387 15.314967155456543 658
1784394384388 15.804908752441406 659
1784394384390 18.4144287109375 660
1784394384392 15.205337524414062 661
1784394384394 16.720544815063477 662
1784394384395 16.97907829284668 663
1784394384397 16.509897232055664 664
1784394384399 17.490375518798828 665
1784394384400 15.056650161743164 666
1784394384402 17.19364356994629 667
1784394384404 16.86495590209961 668
1784394384405 16.004764556884766 669
1784394384407 15.831863403320312 670
1784394384409 15.594795227050781 671
1784394384411 15.637112617492676 672
1784394384413 15.05787181854248 673
1784394384415 13.973546028137207 674
1784394384416 14.83675765991211 675
1784394384418 16.207157135009766 676
1784394384420 14.35100269317627 677
1784394384422 15.228254318237305 678
1784394384424 14.389856338500977 679
1784394384426 15.291790962219238 680
1784394384428 16.284997940063477 681
1784394384430 15.304624557495117 682
1784394384431 15.211332321166992 683
1784394384434 12.84188175201416 684
1784394384435 14.861662864685059 685
1784394384437 14.054943084716797 686
1784394384439 13.5093994140625 687
1784394384441 16.56931495666504 688
1784394384442 14.592867851257324 689
1784394384444 14.222908973693848 690
1784394384446 15.476221084594727 691
1784394384448 14.530647277832031 692
1784394384449 15.216514587402344 693
1784394384451 16.028100967407227 694
1784394384453 16.209518432617188 695
1784394384455 15.215499877929688 696
1784394384457 17.43590545654297 697
1784394384459 13.091409683227539 698
1784394384461 15.804431915283203 699
1784394384463 14.677068710327148 700
1784394384465 14.207327842712402 701
1784394384466 15.076172828674316 702
1784394384468 13.495781898498535 703
1784394384470 14.840836524963379 704
1784394384472 14.526363372802734 705
1784394384474 14.636160850524902 706
1784394384475 13.1002836227417 707
1784394384477 14.887909889221191 708
1784394384479 16.48431968688965 709
1784394384480 13.067214012145996 710
1784394384482 16.264318466186523 711
1784394384484 16.252885818481445 712
1784394384485 14.39410400390625 713
1784394384487 17.086660385131836 714
1784394384489 16.996477127075195 715
1784394384491 15.658042907714844 716
1784394384492 15.956018447875977 717
1784394384494 17.28885269165039 718
1784394384496 13.112305641174316 719
1784394384497 14.4188232421875 720
1784394384499 12.165934562683105 721
1784394384501 12.581640243530273 722
1784394384502 13.418634414672852 723
1784394384504 13.33839225769043 724
1784394384506 15.190909385681152 725
1784394384508 11.540342330932617 726
1784394384509 14.03692626953125 727
1784394384511 13.819390296936035 728
1784394384513 12.833796501159668 729
1784394384515 14.127815246582031 730
1784394384516 13.062193870544434 731
1784394384518 15.594566345214844 732
1784394384520 16.562559127807617 733
1784394384521 15.201528549194336 734
1784394384523 16.375337600708008 735
1784394384525 17.438011169433594 736
1784394384526 16.89012908935547 737
1784394384528 18.41426658630371 738
1784394384530 16.640823364257812 739
1784394384532 16.398149490356445 740
1784394384534 16.831748962402344 741
1784394384536 15.405618667602539 742
1784394384538 17.806537628173828 743
1784394384539 16.627689361572266 744
1784394384541 17.551799774169922 745
1784394384543 15.336657524108887 746
1784394384544 14.375411987304688 747
1784394384546 16.148273468017578 748
1784394384548 14.624494552612305 749
1784394384550 14.822491645812988 750
1784394384551 13.39250659942627 751
1784394384553 14.886089324951172 752
1784394384555 14.651094436645508 753
1784394384557 15.266199111938477 754
1784394384558 16.344886779785156 755
1784394384560 12.155021667480469 756
1784394384561 12.836441993713379 757
1784394384563 14.32050895690918 758
1784394384565 13.04607105255127 759
1784394384567 13.620407104492188 760
1784394384569 13.920818328857422 761
1784394384571 14.008378982543945 762
1784394384573 14.105047225952148 763
1784394384575 13.345392227172852 764
1784394384577 18.678417205810547 765
1784394384579 14.284645080566406 766
1784394384581 12.923619270324707 767
1784394384582 14.066407203674316 768
1784394384584 14.08197021484375 769
1784394384586 16.00206756591797 770
1784394384587 15.51671028137207 771
1784394384589 15.763368606567383 772
1784394384591 14.140533447265625 773
1784394384593 14.714130401611328 774
1784394384595 16.389780044555664 775
1784394384597 14.946962356567383 776
1784394384599 15.865251541137695 777
1784394384600 14.486017227172852 778
1784394384602 14.157638549804688 779
1784394384604 12.31832218170166 780
1784394384606 14.138565063476562 781
1784394384608 13.77178955078125 782
1784394384610 16.507781982421875 783
1784394384612 14.481205940246582 784
1784394384614 15.454702377319336 785
1784394384617 15.72249984741211 786
1784394384619 12.526639938354492 787
1784394384621 14.271416664123535 788
1784394384623 16.08306121826172 789
1784394384625 12.583192825317383 790
1784394384627 15.44538402557373 791
1784394384629 15.763466835021973 792
1784394384631 14.464612007141113 793
1784394384633 16.33747100830078 794
1784394384635 15.913256645202637 795
1784394384636 13.589195251464844 796
1784394384639 13.426172256469727 797
1784394384640 15.55862045288086 798
1784394384642 15.055404663085938 799
1784394384644 14.266382217407227 800
1784394384646 15.989924430847168 801
1784394384647 14.859537124633789 802
1784394384649 14.15293025970459 803
1784394384651 14.543968200683594 804
1784394384653 12.325615882873535 805
1784394384654 16.765634536743164 806
1784394384656 15.922649383544922 807
1784394384658 14.044771194458008 808
1784394384660 17.661447525024414 809
1784394384662 16.18381690979004 810
1784394384664 17.80770492553711 811
1784394384665 14.575004577636719 812
1784394384667 18.48015594482422 813
1784394384669 17.52976417541504 814
1784394384671 18.40532684326172 815
1784394384673 13.794276237487793 816
1784394384675 15.834765434265137 817
1784394384677 16.475664138793945 818
1784394384679 15.559711456298828 819
1784394384680 13.86386489868164 820
1784394384682 18.631969451904297 821
1784394384684 14.930137634277344 822
1784394384685 15.21951961517334 823
1784394384687 16.459774017333984 824
1784394384689 16.382753372192383 825
1784394384691 14.551335334777832 826
1784394384693 15.342001914978027 827
1784394384695 16.24167251586914 828
1784394384697 17.619098663330078 829
1784394384698 14.92048168182373 830
1784394384700 15.309036254882812 831
1784394384702 14.699978828430176 832
1784394384704 15.031932830810547 833
1784394384706 16.776290893554688 834
1784394384708 14.525360107421875 835
1784394384709 15.560064315795898 836
1784394384711 17.255590438842773 837
1784394384713 13.691158294677734 838
1784394384715 18.308555603027344 839
1784394384716 16.77979278564453 840
1784394384719 16.913190841674805 841
1784394384720 18.716405868530273 842
1784394384722 19.59840965270996 843
1784394384724 17.948015213012695 844
1784394384726 14.602140426635742 845
1784394384727 16.8592529296875 846
1784394384729 16.88007926940918 847
1784394384731 13.678518295288086 848
1784394384733 17.796688079833984 849
1784394384736 16.758821487426758 850
1784394384738 16.743261337280273 851
1784394384739 17.890409469604492 852
1784394384741 16.76816177368164 853
1784394384743 16.332443237304688 854
1784394384745 16.859966278076172 855
1784394384746 18.061880111694336 856
1784394384749 15.623892784118652 857
1784394384750 18.33026695251465 858
1784394384752 15.623614311218262 859
1784394384754 19.46314811706543 860
1784394384756 16.37470245361328 861
1784394384757 15.997350692749023 862
1784394384759 18.580184936523438 863
1784394384761 16.3169002532959 864
1784394384763 15.591034889221191 865
1784394384765 14.822504043579102 866
1784394384767 15.332706451416016 867
1784394384769 13.868375778198242 868
1784394384771 15.097375869750977 869
1784394384773 14.764999389648438 870
1784394384775 11.8741455078125 871
1784394384776 15.461970329284668 872
1784394384778 12.34289836883545 873
1784394384780 15.344644546508789 874
1784394384782 15.190732955932617 875
1784394384783 13.816008567810059 876
1784394384785 14.654329299926758 877
1784394384787 16.560565948486328 878
1784394384788 14.60477066040039 879
1784394384790 15.369940757751465 880
1784394384792 14.814496994018555 881
1784394384794 15.798748016357422 882
1784394384796 14.850652694702148 883
1784394384798 14.089282989501953 884
1784394384800 18.769561767578125 885
1784394384804 15.814467430114746 886
1784394384806 14.941168785095215 887
1784394384809 16.612884521484375 888
1784394384811 13.42943000793457 889
1784394384813 16.272518157958984 890
1784394384815 18.11343002319336 891
1784394384817 14.716995239257812 892
1784394384819 14.89453125 893
1784394384820 15.76767349243164 894
1784394384822 14.235527992248535 895
1784394384824 14.861011505126953 896
1784394384825 14.803967475891113 897
1784394384828 14.279668807983398 898
1784394384830 14.120157241821289 899
1784394384831 13.675171852111816 900
1784394384834 13.5559720993042 901
1784394384836 13.510839462280273 902
1784394384838 14.007381439208984 903
1784394384840 14.443021774291992 904
1784394384842 13.204511642456055 905
1784394384843 13.64230728149414 906
1784394384845 14.684706687927246 907
1784394384847 15.806684494018555 908
1784394384849 14.882777214050293 909
1784394384852 15.161863327026367 910
1784394384854 15.133991241455078 911
1784394384855 14.173720359802246 912
1784394384857 18.382104873657227 913
1784394384859 14.928715705871582 914
1784394384861 15.403092384338379 915
1784394384864 15.113458633422852 916
1784394384866 14.902597427368164 917
1784394384867 15.718788146972656 918
1784394384869 15.150684356689453 919
1784394384871 15.177437782287598 920
1784394384873 12.609832763671875 921
1784394384875 15.68685245513916 922
1784394384877 12.879552841186523 923
1784394384879 14.521714210510254 924
1784394384880 16.16872787475586 925
1784394384883 13.819262504577637 926
1784394384884 14.932961463928223 927
1784394384886 14.77361011505127 928
1784394384888 13.298877716064453 929
1784394384890 13.370431900024414 930
1784394384891 13.491390228271484 931
1784394384893 12.882551193237305 932
1784394384895 13.848993301391602 933
1784394384897 14.061986923217773 934
1784394384898 13.355140686035156 935
1784394384900 16.259748458862305 936
1784394384902 13.607868194580078 937
1784394384903 11.862401962280273 938
1784394384905 14.38590145111084 939
1784394384907 16.583688735961914 940
1784394384909 12.856457710266113 941
1784394384910 14.499990463256836 942
1784394384912 14.692930221557617 943
1784394384914 14.406888008117676 944
1784394384915 12.438188552856445 945
1784394384917 14.78001594543457 946
1784394384919 13.980835914611816 947
1784394384921 13.646025657653809 948
1784394384922 15.006637573242188 949
1784394384924 12.356045722961426 950
1784394384926 14.426274299621582 951
1784394384927 14.20578384399414 952
1784394384929 17.76820182800293 953
1784394384931 14.560975074768066 954
1784394384933 15.192187309265137 955
1784394384934 14.541878700256348 956
1784394384936 14.069413185119629 957
1784394384938 15.118391990661621 958
1784394384940 14.410943031311035 959
1784394384941 15.479775428771973 960
1784394384943 14.711204528808594 961
1784394384945 15.142565727233887 962
1784394384947 12.198641777038574 963
1784394384949 16.06476593017578 964
1784394384951 16.073450088500977 965
1784394384953 13.119818687438965 966
1784394384955 15.51911449432373 967
1784394384957 14.660884857177734 968
1784394384959 19.03058624267578 969
1784394384961 15.036540985107422 970
1784394384963 16.92327880859375 971
1784394384965 19.742801666259766 972
1784394384967 16.70958137512207 973
1784394384969 16.16968536376953 974
1784394384971 19.00674819946289 975
1784394384973 14.533522605895996 976
1784394384974 17.020633697509766 977
1784394384976 21.549100875854492 978
1784394384978 17.275135040283203 979
1784394384980 15.049756050109863 980
1784394384981 15.41476821899414 981
1784394384983 13.721993446350098 982
1784394384985 15.591629981994629 983
1784394384987 15.155871391296387 984
1784394384988 14.316545486450195 985
1784394384990 15.344720840454102 986
1784394384992 16.96623420715332 987
1784394384994 13.776725769042969 988
1784394384995 14.868748664855957 989
1784394384997 15.623730659484863 990
1784394384999 13.36577320098877 991
1784394385001 14.646876335144043 992
1784394385003 18.02373504638672 993
1784394385005 16.203067779541016 994
1784394385007 14.63171100616455 995
1784394385009 17.098344802856445 996
1784394385011 14.408367156982422 997
1784394385013 15.593996047973633 998
1784394385015 15.642887115478516 999
1784394385017 13.050236701965332 1000
1784394385019 14.805227279663086 1001
1784394385021 15.20441722869873 1002
1784394385023 13.831098556518555 1003
1784394385025 13.678738594055176 1004
1784394385027 18.689842224121094 1005
1784394385029 12.288169860839844 1006
1784394385031 15.577536582946777 1007
1784394385033 13.302545547485352 1008
1784394385035 14.29296588897705 1009
1784394385037 16.507902145385742 1010
1784394385040 11.950088500976562 1011
1784394385041 14.565656661987305 1012
1784394385043 14.84286880493164 1013
1784394385045 14.775248527526855 1014
1784394385047 16.912925720214844 1015
1784394385049 12.706302642822266 1016
1784394385051 15.69819450378418 1017
1784394385053 12.950125694274902 1018
1784394385055 13.276067733764648 1019
1784394385057 15.582870483398438 1020
1784394385059 12.453958511352539 1021
1784394385060 14.401906967163086 1022
1784394385062 10.687910079956055 1023
1784394385064 13.046284675598145 1024
1784394385066 12.41971492767334 1025
1784394385067 11.971210479736328 1026
1784394385069 12.875194549560547 1027
1784394385072 12.821086883544922 1028
1784394385075 12.444021224975586 1029
1784394385077 14.865982055664062 1030
1784394385079 13.20429801940918 1031
1784394385081 15.554032325744629 1032
1784394385083 15.060550689697266 1033
1784394385084 14.572068214416504 1034
1784394385086 16.54405403137207 1035
1784394385088 13.124529838562012 1036
1784394385090 14.82706069946289 1037
1784394385092 14.497390747070312 1038
1784394385095 12.813314437866211 1039
1784394385096 14.534270286560059 1040
1784394385098 16.365205764770508 1041
1784394385100 16.291536331176758 1042
1784394385102 14.595200538635254 1043
1784394385103 14.356136322021484 1044
1784394385105 13.748583793640137 1045
1784394385107 13.080829620361328 1046
1784394385108 14.199565887451172 1047
1784394385110 13.460305213928223 1048
1784394385112 14.098051071166992 1049
1784394385114 14.844450950622559 1050
1784394385115 14.315299987792969 1051
1784394385118 15.602733612060547 1052
1784394385120 14.316849708557129 1053
1784394385122 15.377388954162598 1054
1784394385123 13.238879203796387 1055
1784394385126 13.284895896911621 1056
1784394385127 14.499737739562988 1057
1784394385129 13.163605690002441 1058
1784394385132 14.504674911499023 1059
1784394385134 15.665830612182617 1060
1784394385135 13.837450981140137 1061
1784394385138 16.418560028076172 1062
1784394385139 14.428637504577637 1063
1784394385141 11.3381986618042 1064
1784394385143 13.88358211517334 1065
1784394385145 15.247335433959961 1066
1784394385147 12.808313369750977 1067
1784394385149 17.49612045288086 1068
1784394385152 15.796615600585938 1069
1784394385153 15.658784866333008 1070
1784394385155 14.137683868408203 1071
1784394385157 15.0787353515625 1072
1784394385159 15.021331787109375 1073
1784394385161 13.51348876953125 1074
1784394385162 16.799192428588867 1075
1784394385164 13.388542175292969 1076
1784394385166 16.446178436279297 1077
1784394385168 16.319101333618164 1078
1784394385169 14.246809959411621 1079
1784394385171 16.80964469909668 1080
1784394385173 13.358240127563477 1081
1784394385175 16.04046630859375 1082
1784394385177 13.641707420349121 1083
1784394385178 13.294881820678711 1084
1784394385180 14.367746353149414 1085
1784394385182 12.489921569824219 1086
1784394385183 15.351893424987793 1087
1784394385186 12.193144798278809 1088
1784394385188 12.029314994812012 1089
1784394385190 13.016695022583008 1090
1784394385192 10.873044967651367 1091
1784394385194 12.066519737243652 1092
1784394385196 10.863577842712402 1093
1784394385198 11.986289978027344 1094
1784394385200 11.446409225463867 1095
1784394385202 12.075912475585938 1096
1784394385204 12.47458553314209 1097
1784394385206 13.91122817993164 1098
1784394385209 12.648177146911621 1099
1784394385211 14.306756973266602 1100
1784394385213 11.583723068237305 1101
1784394385215 13.239542007446289 1102
1784394385217 13.293326377868652 1103
1784394385219 11.791728019714355 1104
1784394385221 14.925826072692871 1105
1784394385223 12.668211936950684 1106
1784394385224 12.881755828857422 1107
1784394385226 14.264288902282715 1108
1784394385229 13.727996826171875 1109
1784394385230 15.548521995544434 1110
1784394385232 13.237664222717285 1111
1784394385234 13.995683670043945 1112
1784394385236 12.291513442993164 1113
1784394385237 15.397727966308594 1114
1784394385240 14.335253715515137 1115
1784394385242 12.133042335510254 1116
1784394385244 12.273344039916992 1117
1784394385246 11.529714584350586 1118
1784394385248 11.720601081848145 1119
1784394385250 14.107791900634766 1120
1784394385252 10.555497169494629 1121
1784394385254 13.45982837677002 1122
1784394385255 11.997953414916992 1123
1784394385257 14.913009643554688 1124
1784394385261 12.521686553955078 1125
1784394385262 17.094518661499023 1126
1784394385264 15.724533081054688 1127
1784394385266 15.105315208435059 1128
1784394385267 15.644165992736816 1129
1784394385269 15.248282432556152 1130
1784394385271 18.705352783203125 1131
1784394385273 14.732787132263184 1132
1784394385275 15.442374229431152 1133
1784394385277 16.01003074645996 1134
1784394385279 16.215187072753906 1135
1784394385280 13.881248474121094 1136
1784394385282 14.222650527954102 1137
1784394385284 14.523822784423828 1138
1784394385285 15.729103088378906 1139
1784394385287 15.217105865478516 1140
1784394385289 15.378244400024414 1141
1784394385291 14.977981567382812 1142
1784394385292 12.621217727661133 1143
1784394385294 14.293977737426758 1144
1784394385296 13.561666488647461 1145
1784394385297 12.982237815856934 1146
1784394385299 14.889781951904297 1147
1784394385301 12.943695068359375 1148
1784394385302 14.860930442810059 1149
1784394385304 13.759099960327148 1150
1784394385306 14.003421783447266 1151
1784394385308 15.038333892822266 1152
1784394385310 12.704947471618652 1153
1784394385312 14.002119064331055 1154
1784394385314 13.0977144241333 1155
1784394385316 15.14697551727295 1156
1784394385318 13.121947288513184 1157
1784394385320 12.681252479553223 1158
1784394385321 12.816222190856934 1159
1784394385323 11.04322624206543 1160
1784394385325 13.106172561645508 1161
1784394385327 13.792989730834961 1162
1784394385328 14.829758644104004 1163
1784394385330 15.530675888061523 1164
1784394385332 12.289694786071777 1165
1784394385334 12.223167419433594 1166
1784394385336 13.132328033447266 1167
1784394385338 12.020365715026855 1168
1784394385340 13.844377517700195 1169
1784394385342 14.758138656616211 1170
1784394385344 14.138908386230469 1171
1784394385346 13.963144302368164 1172
1784394385348 14.008169174194336 1173
1784394385350 15.308389663696289 1174
1784394385553 11.987152099609375 1175
1784394385556 13.272372245788574 1176
1784394385558 11.627817153930664 1177
1784394385560 14.162881851196289 1178
1784394385562 10.713323593139648 1179
1784394385563 13.44063949584961 1180
1784394385565 11.718412399291992 1181
1784394385567 13.770467758178711 1182
1784394385569 15.55052375793457 1183
1784394385571 12.214456558227539 1184
1784394385574 13.28266716003418 1185
1784394385575 12.130119323730469 1186
1784394385577 12.758495330810547 1187
1784394385579 11.050848007202148 1188
1784394385581 11.001726150512695 1189
1784394385583 13.785557746887207 1190
1784394385585 11.401721000671387 1191
1784394385587 14.29946517944336 1192
1784394385589 11.676677703857422 1193
1784394385591 14.951289176940918 1194
1784394385593 13.685638427734375 1195
1784394385595 12.446852684020996 1196
1784394385597 14.816097259521484 1197
1784394385599 11.59029483795166 1198
1784394385601 13.622875213623047 1199
1784394385602 11.102537155151367 1200
1784394385605 12.640088081359863 1201
1784394385607 10.263322830200195 1202
1784394385609 14.674859046936035 1203
1784394385611 11.664809226989746 1204
1784394385613 13.434343338012695 1205
1784394385614 11.59925365447998 1206
1784394385617 11.62975025177002 1207
1784394385619 14.469173431396484 1208
1784394385620 12.697583198547363 1209
1784394385622 11.929378509521484 1210
1784394385624 12.413741111755371 1211
1784394385626 10.700776100158691 1212
1784394385628 12.198997497558594 1213
1784394385630 10.589034080505371 1214
1784394385632 12.696120262145996 1215
1784394385634 11.721721649169922 1216
1784394385636 13.261374473571777 1217
1784394385638 13.699674606323242 1218
1784394385640 13.779505729675293 1219
1784394385641 12.959294319152832 1220
1784394385643 11.956070899963379 1221
1784394385645 12.56959056854248 1222
1784394385647 13.588048934936523 1223
1784394385649 13.53754997253418 1224
1784394385651 14.32414436340332 1225
1784394385653 14.519493103027344 1226
1784394385654 12.605006217956543 1227
1784394385656 16.161670684814453 1228
1784394385658 11.96651840209961 1229
1784394385660 14.551548957824707 1230
1784394385662 12.025842666625977 1231
1784394385664 12.088775634765625 1232
1784394385665 14.006767272949219 1233
1784394385667 14.093389511108398 1234
1784394385669 12.87145709991455 1235
1784394385671 15.420814514160156 1236
1784394385673 12.380502700805664 1237
1784394385675 12.15420150756836 1238
1784394385677 12.852766990661621 1239
1784394385679 12.500699043273926 1240
1784394385680 15.24211311340332 1241
1784394385682 13.945056915283203 1242
1784394385684 14.45375919342041 1243
1784394385686 15.328435897827148 1244
1784394385688 17.46944808959961 1245
1784394385690 16.147396087646484 1246
1784394385692 14.626832962036133 1247
1784394385694 15.068256378173828 1248
1784394385696 13.646034240722656 1249
1784394385698 14.5012845993042 1250
1784394385700 15.210719108581543 1251
1784394385716 14.65658950805664 1252
1784394385719 13.460012435913086 1253
1784394385721 14.619568824768066 1254
1784394385723 13.075796127319336 1255
1784394385725 15.135031700134277 1256
1784394385727 13.88661003112793 1257
1784394385728 12.852665901184082 1258
1784394385730 15.390619277954102 1259
1784394385732 11.771384239196777 1260
1784394385734 14.552791595458984 1261
1784394385736 14.471705436706543 1262
1784394385738 12.664127349853516 1263
1784394385740 12.608963966369629 1264
1784394385742 13.36824893951416 1265
1784394385744 12.443817138671875 1266
1784394385745 12.357425689697266 1267
1784394385747 12.163207054138184 1268
1784394385749 12.368399620056152 1269
1784394385751 12.843999862670898 1270
1784394385753 11.940153121948242 1271
1784394385755 13.042407989501953 1272
1784394385757 10.901001930236816 1273
1784394385759 12.309589385986328 1274
1784394385760 12.059536933898926 1275
1784394385762 11.732522010803223 1276
1784394385764 10.047126770019531 1277
1784394385766 11.339055061340332 1278
1784394385768 9.805880546569824 1279
1784394385770 11.475504875183105 1280
1784394385772 13.033756256103516 1281
1784394385774 12.285823822021484 1282
1784394385776 13.943708419799805 1283
1784394385778 12.877639770507812 1284
1784394385780 11.29253101348877 1285
1784394385782 11.21418571472168 1286
1784394385784 14.25136661529541 1287
1784394385786 11.459390640258789 1288
1784394385788 12.904610633850098 1289
1784394385789 12.995536804199219 1290
1784394385791 13.338555335998535 1291
1784394385793 14.698858261108398 1292
1784394385794 18.01873207092285 1293
1784394385796 15.072518348693848 1294
1784394385799 16.87008285522461 1295
1784394385800 18.189844131469727 1296
1784394385802 15.948308944702148 1297
1784394385804 14.944150924682617 1298
1784394385805 14.516353607177734 1299
1784394385807 15.607096672058105 1300
1784394385809 12.679739952087402 1301
1784394385811 18.559541702270508 1302
1784394385813 15.523743629455566 1303
1784394385814 14.407041549682617 1304
1784394385816 16.963092803955078 1305
1784394385818 20.260196685791016 1306
1784394385820 14.33376693725586 1307
1784394385822 19.062042236328125 1308
1784394385824 18.224390029907227 1309
1784394385826 15.987814903259277 1310
1784394385828 15.01405143737793 1311
1784394385830 17.060853958129883 1312
1784394385832 22.274065017700195 1313
1784394385834 15.660799980163574 1314
1784394385836 13.61107349395752 1315
1784394385838 19.1893367767334 1316
1784394385840 14.289644241333008 1317
1784394385842 14.337265014648438 1318
1784394385843 13.924681663513184 1319
1784394385846 13.409383773803711 1320
1784394385848 13.286116600036621 1321
1784394385849 14.056833267211914 1322
1784394385852 13.485404014587402 1323
1784394385854 13.528558731079102 1324
1784394385855 13.317134857177734 1325
1784394385857 12.836288452148438 1326
1784394385859 12.749564170837402 1327
1784394385861 12.358358383178711 1328
1784394385863 11.850791931152344 1329
1784394385865 12.856053352355957 1330
1784394385866 12.749814987182617 1331
1784394385868 13.444175720214844 1332
1784394385870 12.557576179504395 1333
1784394385872 13.916156768798828 1334
1784394385874 16.04361915588379 1335
1784394385875 11.837751388549805 1336
1784394385878 15.620939254760742 1337
1784394385879 11.79318904876709 1338
1784394385881 16.36223602294922 1339
1784394385883 16.628799438476562 1340
1784394385884 10.929673194885254 1341
1784394385886 14.67599868774414 1342
1784394385888 11.236181259155273 1343
1784394385890 12.356433868408203 1344
1784394385892 11.897473335266113 1345
1784394385894 13.96279525756836 1346
1784394385896 12.05826473236084 1347
1784394385898 11.45415210723877 1348
1784394385899 12.452573776245117 1349
1784394385901 13.687460899353027 1350
1784394385903 11.889392852783203 1351
1784394385905 14.119738578796387 1352
1784394385907 12.292871475219727 1353
1784394385910 15.206306457519531 1354
1784394385911 11.18093490600586 1355
1784394385914 15.302227973937988 1356
1784394385916 14.247204780578613 1357
1784394385917 14.565088272094727 1358
1784394385920 14.630017280578613 1359
1784394385922 15.271395683288574 1360
1784394385924 14.312461853027344 1361
1784394385926 13.288354873657227 1362
1784394385928 15.795151710510254 1363
1784394385930 12.692331314086914 1364
1784394385932 14.02869987487793 1365
1784394385934 15.985560417175293 1366
1784394385936 15.285496711730957 1367
1784394385938 14.206941604614258 1368
1784394385939 14.850191116333008 1369
1784394385941 17.04179573059082 1370
1784394385943 11.283628463745117 1371
1784394385945 17.745075225830078 1372
1784394385947 15.523509979248047 1373
1784394385949 14.293519020080566 1374
1784394385951 17.88114356994629 1375
1784394385953 14.982196807861328 1376
1784394385955 16.310199737548828 1377
1784394385957 14.278242111206055 1378
1784394385959 16.71406364440918 1379
1784394385961 12.699994087219238 1380
1784394385962 15.547779083251953 1381
1784394385964 17.591402053833008 1382
1784394385966 13.383732795715332 1383
1784394385968 15.682327270507812 1384
1784394385970 15.876953125 1385
1784394385972 14.139403343200684 1386
1784394385974 11.065688133239746 1387
1784394385976 14.873229026794434 1388
1784394385978 14.736538887023926 1389
1784394385980 10.848089218139648 1390
1784394385981 14.738611221313477 1391
1784394385983 12.842964172363281 1392
1784394385985 12.905834197998047 1393
1784394385988 14.870718955993652 1394
1784394385990 11.9451265335083 1395
1784394385992 15.557012557983398 1396
1784394385994 13.150012016296387 1397
1784394385995 12.230228424072266 1398
1784394385997 13.021146774291992 1399
1784394385999 11.842669486999512 1400
1784394386001 12.927631378173828 1401
1784394386004 15.43764591217041 1402
1784394386006 14.32516860961914 1403
1784394386008 13.361308097839355 1404
1784394386011 14.920747756958008 1405
1784394386013 11.365493774414062 1406
1784394386015 14.980232238769531 1407
1784394386017 12.48759651184082 1408
1784394386019 12.866034507751465 1409
1784394386021 15.410656929016113 1410
1784394386023 12.385363578796387 1411
1784394386025 12.823217391967773 1412
1784394386027 13.320244789123535 1413
1784394386029 15.866437911987305 1414
1784394386031 12.00689697265625 1415
1784394386033 14.520724296569824 1416
1784394386035 13.955411911010742 1417
1784394386037 13.53944206237793 1418
1784394386038 12.408520698547363 1419
1784394386040 13.889320373535156 1420
1784394386042 13.53626823425293 1421
1784394386044 12.128074645996094 1422
1784394386046 14.636045455932617 1423
1784394386048 10.916890144348145 1424
1784394386050 14.266469955444336 1425
1784394386052 11.771477699279785 1426
1784394386054 14.036866188049316 1427
1784394386056 12.176389694213867 1428
1784394386058 13.524044036865234 1429
1784394386060 12.970250129699707 1430
1784394386062 11.380047798156738 1431
1784394386063 12.233299255371094 1432
1784394386065 11.953606605529785 1433
1784394386067 11.828970909118652 1434
1784394386068 12.136445999145508 1435
1784394386070 13.252815246582031 1436
1784394386072 13.7684326171875 1437
1784394386074 12.648362159729004 1438
1784394386076 12.884834289550781 1439
1784394386078 10.467508316040039 1440
1784394386079 13.229999542236328 1441
1784394386081 12.324840545654297 1442
1784394386083 15.051145553588867 1443
1784394386084 15.927399635314941 1444
1784394386086 12.435066223144531 1445
1784394386088 14.545745849609375 1446
1784394386090 11.77944564819336 1447
1784394386091 13.954692840576172 1448
1784394386093 14.38283920288086 1449
1784394386095 13.660710334777832 1450
1784394386097 13.487932205200195 1451
1784394386098 12.516281127929688 1452
1784394386100 13.015774726867676 1453
1784394386102 12.746034622192383 1454
1784394386103 12.118551254272461 1455
1784394386105 12.457600593566895 1456
1784394386106 11.6881742477417 1457
1784394386108 12.991141319274902 1458
1784394386110 13.968247413635254 1459
1784394386111 13.909212112426758 1460
1784394386113 13.099355697631836 1461
1784394386114 13.084073066711426 1462
1784394386116 16.389554977416992 1463
1784394386118 13.66753101348877 1464
1784394386119 14.238134384155273 1465
1784394386121 13.562952995300293 1466
1784394386123 13.960668563842773 1467
1784394386125 14.163899421691895 1468
1784394386127 14.603645324707031 1469
1784394386128 13.90285587310791 1470
1784394386131 13.970687866210938 1471
1784394386132 16.13713264465332 1472
1784394386134 14.139680862426758 1473
1784394386136 16.02933692932129 1474
1784394386138 16.346864700317383 1475
1784394386140 16.4599666595459 1476
1784394386141 14.6787748336792 1477
1784394386143 15.388944625854492 1478
1784394386145 13.134278297424316 1479
1784394386146 13.341670036315918 1480
1784394386148 15.621091842651367 1481
1784394386150 13.440540313720703 1482
1784394386152 12.816179275512695 1483
1784394386153 14.178060531616211 1484
1784394386156 13.0145845413208 1485
1784394386157 13.097439765930176 1486
1784394386159 13.254714012145996 1487
1784394386160 10.601409912109375 1488
1784394386162 13.43288516998291 1489
1784394386164 12.540260314941406 1490
1784394386166 12.190007209777832 1491
1784394386168 11.508167266845703 1492
1784394386169 12.70114517211914 1493
1784394386171 12.5930814743042 1494
1784394386173 10.821389198303223 1495
1784394386175 11.484925270080566 1496
1784394386176 10.42140007019043 1497
1784394386178 10.767167091369629 1498
1784394386180 10.120586395263672 1499
1784394386182 11.881319046020508 1500
1784394386184 11.02282428741455 1501
1784394386186 12.403642654418945 1502
1784394386188 10.849722862243652 1503
1784394386190 11.593116760253906 1504
1784394386192 12.429308891296387 1505
1784394386194 14.666168212890625 1506
1784394386195 11.454787254333496 1507
1784394386197 13.16009521484375 1508
1784394386199 11.708087921142578 1509
1784394386201 11.89896011352539 1510
1784394386202 13.343629837036133 1511
1784394386205 12.175209045410156 1512
1784394386206 15.371456146240234 1513
1784394386208 9.684652328491211 1514
1784394386210 16.316333770751953 1515
1784394386212 12.017996788024902 1516
1784394386213 13.875137329101562 1517
1784394386216 11.985430717468262 1518
1784394386217 12.691880226135254 1519
1784394386219 12.938911437988281 1520
1784394386220 12.871397972106934 1521
1784394386223 13.26347541809082 1522
1784394386224 14.740486145019531 1523
1784394386226 14.069395065307617 1524
1784394386228 12.393333435058594 1525
1784394386230 16.068599700927734 1526
1784394386231 14.74402904510498 1527
1784394386233 14.549457550048828 1528
1784394386235 15.74728775024414 1529
1784394386237 15.145301818847656 1530
1784394386238 18.989301681518555 1531
1784394386248 16.373422622680664 1532
1784394386250 14.641292572021484 1533
1784394386251 18.836532592773438 1534
1784394386254 12.718164443969727 1535
1784394386255 12.69415283203125 1536
1784394386257 15.426037788391113 1537
1784394386259 11.429224967956543 1538
1784394386261 14.11246109008789 1539
1784394386263 13.208463668823242 1540
1784394386264 13.676080703735352 1541
1784394386266 14.900965690612793 1542
1784394386268 12.86970043182373 1543
1784394386270 14.071645736694336 1544
1784394386272 14.759697914123535 1545
1784394386274 13.201098442077637 1546
1784394386276 13.869024276733398 1547
1784394386278 14.826107025146484 1548
1784394386279 13.198205947875977 1549
1784394386281 13.093758583068848 1550
1784394386283 12.9288330078125 1551
1784394386285 13.322680473327637 1552
1784394386286 14.283559799194336 1553
1784394386288 13.368349075317383 1554
1784394386290 13.518247604370117 1555
1784394386292 13.402765274047852 1556
1784394386294 10.510822296142578 1557
1784394386296 13.86700439453125 1558
1784394386298 12.660751342773438 1559
1784394386300 14.442167282104492 1560
1784394386302 11.83452320098877 1561
1784394386304 12.75306510925293 1562
1784394386306 11.765213012695312 1563
1784394386308 13.298382759094238 1564
1784394386310 13.786388397216797 1565
1784394386312 12.060049057006836 1566
1784394386314 12.989541053771973 1567
1784394386316 15.347634315490723 1568
1784394386318 12.588714599609375 1569
1784394386320 15.544964790344238 1570
1784394386322 11.99937629699707 1571
1784394386323 11.789838790893555 1572
1784394386326 14.766762733459473 1573
1784394386327 9.881267547607422 1574
1784394386329 12.350310325622559 1575
1784394386331 12.567794799804688 1576
1784394386333 13.461231231689453 1577
1784394386334 12.522074699401855 1578
1784394386336 12.307531356811523 1579
1784394386338 12.208307266235352 1580
1784394386339 10.153572082519531 1581
1784394386341 11.507415771484375 1582
1784394386343 10.914628982543945 1583
1784394386345 11.605213165283203 1584
1784394386346 12.529411315917969 1585
1784394386348 12.901274681091309 1586
1784394386350 11.221196174621582 1587
1784394386352 12.921351432800293 1588
1784394386354 11.894411087036133 1589
1784394386356 11.942423820495605 1590
1784394386358 11.196863174438477 1591
1784394386360 11.419210433959961 1592
1784394386362 12.814285278320312 1593
1784394386363 12.587092399597168 1594
1784394386365 12.635049819946289 1595
1784394386367 12.259442329406738 1596
1784394386369 10.466316223144531 1597
1784394386371 11.428486824035645 1598
1784394386372 11.867820739746094 1599
1784394386375 10.752909660339355 1600
1784394386376 11.603950500488281 1601
1784394386378 10.985418319702148 1602
1784394386380 14.386202812194824 1603
1784394386382 12.963930130004883 1604
1784394386383 14.523849487304688 1605
1784394386385 12.476659774780273 1606
1784394386387 14.507549285888672 1607
1784394386389 13.947223663330078 1608
1784394386391 14.59946060180664 1609
1784394386393 12.425409317016602 1610
1784394386395 12.17981243133545 1611
1784394386397 13.307043075561523 1612
1784394386399 11.469721794128418 1613
1784394386400 14.479995727539062 1614
1784394386402 14.757431030273438 1615
1784394386404 14.397136688232422 1616
1784394386406 15.592996597290039 1617
1784394386408 13.18781566619873 1618
1784394386410 13.467535972595215 1619
1784394386411 14.231218338012695 1620
1784394386413 15.172646522521973 1621
1784394386415 15.73568058013916 1622
1784394386417 13.8564453125 1623
1784394386418 11.311296463012695 1624
1784394386420 15.756966590881348 1625
1784394386422 14.749555587768555 1626
1784394386424 13.509510040283203 1627
1784394386425 15.8423490524292 1628
1784394386427 14.4425630569458 1629
1784394386429 16.72663688659668 1630
1784394386431 15.14031982421875 1631
1784394386433 12.656444549560547 1632
1784394386436 15.488907814025879 1633
1784394386438 15.959175109863281 1634
1784394386439 11.321993827819824 1635
1784394386441 15.93165397644043 1636
1784394386443 14.188173294067383 1637
1784394386444 12.098285675048828 1638
1784394386446 11.878156661987305 1639
1784394386448 11.697803497314453 1640
1784394386450 12.743366241455078 1641
1784394386452 13.175480842590332 1642
1784394386454 12.91150951385498 1643
1784394386455 10.716134071350098 1644
1784394386457 12.085901260375977 1645
1784394386459 12.455480575561523 1646
1784394386460 11.465831756591797 1647
1784394386462 11.996140480041504 1648
1784394386466 11.118629455566406 1649
1784394386468 12.527864456176758 1650
1784394386470 11.750536918640137 1651
1784394386472 13.47121524810791 1652
1784394386474 11.29018783569336 1653
1784394386475 13.676359176635742 1654
1784394386478 11.60506820678711 1655
1784394386479 13.672049522399902 1656
1784394386481 11.480928421020508 1657
1784394386483 12.283770561218262 1658
1784394386485 11.882162094116211 1659
1784394386487 12.435872077941895 1660
1784394386489 12.387578010559082 1661
1784394386491 10.769208908081055 1662
1784394386493 14.200305938720703 1663
1784394386494 11.676219940185547 1664
1784394386496 13.459558486938477 1665
1784394386498 13.377967834472656 1666
1784394386500 13.674240112304688 1667
1784394386502 12.760831832885742 1668
1784394386503 14.0191068649292 1669
1784394386505 12.857525825500488 1670
1784394386507 12.479873657226562 1671
1784394386508 13.13899040222168 1672
1784394386510 11.892474174499512 1673
1784394386512 15.113363265991211 1674
1784394386514 17.41687774658203 1675
1784394386516 11.62906265258789 1676
1784394386518 14.758275985717773 1677
1784394386520 14.7278413772583 1678
1784394386522 16.59111785888672 1679
1784394386523 16.603208541870117 1680
1784394386525 17.94849395751953 1681
1784394386527 17.482091903686523 1682
1784394386529 13.053877830505371 1683
1784394386532 16.745731353759766 1684
1784394386534 16.065425872802734 1685
1784394386536 13.458066940307617 1686
1784394386538 17.620285034179688 1687
1784394386540 16.88272476196289 1688
1784394386541 12.064408302307129 1689
1784394386544 15.761163711547852 1690
1784394386545 11.944067001342773 1691
1784394386547 11.632603645324707 1692
1784394386549 17.087942123413086 1693
1784394386551 10.784504890441895 1694
1784394386553 17.38051414489746 1695
1784394386555 11.977804183959961 1696
1784394386557 14.85964584350586 1697
1784394386559 16.198055267333984 1698
1784394386561 13.023563385009766 1699
1784394386563 16.806257247924805 1700
1784394386565 13.865996360778809 1701
1784394386566 13.46774673461914 1702
1784394386569 14.185035705566406 1703
1784394386571 12.719367980957031 1704
1784394386573 12.709575653076172 1705
1784394386575 14.089154243469238 1706
1784394386577 13.441869735717773 1707
1784394386578 13.061779022216797 1708
1784394386580 14.777608871459961 1709
1784394386582 11.234135627746582 1710
1784394386584 15.162933349609375 1711
1784394386586 16.09336280822754 1712
1784394386588 12.860382080078125 1713
1784394386589 15.39653205871582 1714
1784394386591 18.20756721496582 1715
1784394386593 15.379842758178711 1716
1784394386595 14.138215065002441 1717
1784394386597 16.385074615478516 1718
1784394386599 14.079136848449707 1719
1784394386602 15.174635887145996 1720
1784394386604 13.883207321166992 1721
1784394386606 11.844783782958984 1722
1784394386608 13.990896224975586 1723
1784394386609 14.983074188232422 1724
1784394386612 10.712870597839355 1725
1784394386613 12.723690032958984 1726
1784394386615 11.164703369140625 1727
1784394386617 13.385777473449707 1728
1784394386618 13.649386405944824 1729
1784394386620 14.023322105407715 1730
1784394386621 12.918846130371094 1731
1784394386623 12.24277400970459 1732
1784394386625 14.598637580871582 1733
1784394386626 9.924673080444336 1734
1784394386629 15.692594528198242 1735
1784394386630 12.586701393127441 1736
1784394386632 13.157051086425781 1737
1784394386634 13.39095401763916 1738
1784394386636 12.420134544372559 1739
1784394386637 13.435094833374023 1740
1784394386639 13.833880424499512 1741
1784394386641 15.208229064941406 1742
1784394386642 15.07343864440918 1743
1784394386644 12.481695175170898 1744
1784394386646 14.19395637512207 1745
1784394386648 11.605095863342285 1746
1784394386649 13.669046401977539 1747
1784394386651 13.068183898925781 1748
1784394386653 15.518449783325195 1749
1784394386655 13.845895767211914 1750
1784394386657 15.089445114135742 1751
1784394386659 14.669142723083496 1752
1784394386661 15.630819320678711 1753
1784394386663 16.701610565185547 1754
1784394386665 13.752547264099121 1755
1784394386666 15.508277893066406 1756
1784394386668 14.505558013916016 1757
1784394386670 14.279644966125488 1758
1784394386672 15.294557571411133 1759
1784394386673 16.873023986816406 1760
1784394386675 17.187023162841797 1761
1784394386677 18.168785095214844 1762
1784394386679 14.098917007446289 1763
1784394386681 17.28386116027832 1764
1784394386683 18.208478927612305 1765
1784394386685 13.468884468078613 1766
1784394386686 16.5941219329834 1767
1784394386689 16.494638442993164 1768
1784394386691 14.114599227905273 1769
1784394386693 15.318441390991211 1770
1784394386695 16.704097747802734 1771
1784394386697 12.287202835083008 1772
1784394386699 13.021818161010742 1773
1784394386701 14.17558765411377 1774
1784394386703 11.51014232635498 1775
1784394386704 12.537840843200684 1776
1784394386706 11.19935131072998 1777
1784394386709 10.104570388793945 1778
1784394386711 11.546198844909668 1779
1784394386712 9.603411674499512 1780
1784394386715 12.922758102416992 1781
1784394386716 9.01268482208252 1782
1784394386718 11.101232528686523 1783
1784394386720 12.314850807189941 1784
1784394386722 9.843289375305176 1785
1784394386724 13.60797119140625 1786
1784394386726 10.88398551940918 1787
1784394386728 11.336960792541504 1788
1784394386730 10.804619789123535 1789
1784394386732 11.749322891235352 1790
1784394386734 11.079973220825195 1791
1784394386736 11.974393844604492 1792
1784394386738 11.27592658996582 1793
1784394386740 11.246570587158203 1794
1784394386742 12.88876724243164 1795
1784394386744 11.49544906616211 1796
1784394386746 11.729214668273926 1797
1784394386747 11.416531562805176 1798
1784394386750 11.547931671142578 1799
1784394386752 10.671022415161133 1800
1784394386754 13.469358444213867 1801
1784394386755 12.90622615814209 1802
1784394386757 11.147055625915527 1803
1784394386759 12.188359260559082 1804
1784394386760 12.894615173339844 1805
1784394386762 10.50015640258789 1806
1784394386764 11.644269943237305 1807
1784394386766 14.698989868164062 1808
1784394386767 10.812536239624023 1809
1784394386769 13.625800132751465 1810
1784394386771 11.827668190002441 1811
1784394386772 13.737634658813477 1812
1784394386775 12.803779602050781 1813
1784394386776 13.585984230041504 1814
1784394386778 12.24221420288086 1815
1784394386780 12.105340957641602 1816
1784394386781 12.079634666442871 1817
1784394386783 10.953043937683105 1818
1784394386785 12.07487964630127 1819
1784394386787 11.116196632385254 1820
1784394386789 11.521406173706055 1821
1784394386790 11.394048690795898 1822
1784394386792 10.770648002624512 1823
1784394386794 11.182007789611816 1824
1784394386796 10.35745906829834 1825
1784394386798 11.600618362426758 1826
1784394386800 11.234179496765137 1827
1784394386801 11.156388282775879 1828
1784394386803 13.36746597290039 1829
1784394386805 11.641762733459473 1830
1784394386807 14.69062328338623 1831
1784394386809 14.665321350097656 1832
1784394386811 12.079140663146973 1833
1784394386813 14.063639640808105 1834
1784394386815 13.550575256347656 1835
1784394386817 13.109317779541016 1836
1784394386818 12.270009994506836 1837
1784394386820 13.759342193603516 1838
1784394386822 11.974431037902832 1839
1784394386824 11.913728713989258 1840
1784394386826 12.419750213623047 1841
1784394386828 11.647523880004883 1842
1784394386830 14.071544647216797 1843
1784394386832 11.781707763671875 1844
1784394386833 13.211302757263184 1845
1784394386836 13.97350025177002 1846
1784394386837 11.390665054321289 1847
1784394386839 13.708456993103027 1848
1784394386841 12.108166694641113 1849
1784394386843 12.874509811401367 1850
1784394386845 13.306899070739746 1851
1784394386846 12.85019302368164 1852
1784394386848 13.353065490722656 1853
1784394386850 13.530509948730469 1854
1784394386851 13.085179328918457 1855
1784394386854 13.880419731140137 1856
1784394386855 17.393966674804688 1857
1784394386857 12.403094291687012 1858
1784394386859 17.172256469726562 1859
1784394386861 13.35676097869873 1860
1784394386863 13.610443115234375 1861
1784394386864 16.721763610839844 1862
1784394386867 13.383386611938477 1863
1784394386869 16.646677017211914 1864
1784394386870 13.04589557647705 1865
1784394386872 17.591781616210938 1866
1784394386874 14.825186729431152 1867
1784394386876 15.06053352355957 1868
1784394386878 13.4396390914917 1869
1784394386880 13.509729385375977 1870
1784394386882 13.269159317016602 1871
1784394386884 12.852240562438965 1872
1784394386886 13.035213470458984 1873
1784394386888 13.106865882873535 1874
