1784394387341 54.87287139892578 0
1784394387343 162.9966583251953 1
1784394387346 96.71076965332031 2
1784394387349 47.15815353393555 3
1784394387352 35.31317901611328 4
1784394387354 32.242488861083984 5
1784394387357 35.244625091552734 6
1784394387360 29.680513381958008 7
1784394387362 26.01509666442871 8
1784394387365 22.755191802978516 9
1784394387368 21.081064224243164 10
1784394387370 16.222270965576172 11
1784394387375 14.097733497619629 12
1784394387377 13.353713989257812 13
1784394387379 13.04499340057373 14
1784394387382 12.00724983215332 15
1784394387385 10.876246452331543 16
1784394387388 10.19935417175293 17
1784394387391 7.8480119705200195 18
1784394387394 7.074244022369385 19
1784394387397 6.944949150085449 20
1784394387399 5.8936944007873535 21
1784394387402 6.082843780517578 22
1784394387404 6.140655994415283 23
1784394387407 5.923221588134766 24
1784394387409 5.165284633636475 25
1784394387412 5.3124518394470215 26
1784394387414 4.357517719268799 27
1784394387417 4.6089863777160645 28
1784394387419 3.866034507751465 29
1784394387422 4.006734848022461 30
1784394387424 3.5914831161499023 31
1784394387427 3.1596789360046387 32
1784394387430 2.8805487155914307 33
1784394387432 2.809257984161377 34
1784394387435 2.8589487075805664 35
1784394387437 2.627002239227295 36
1784394387439 2.3454277515411377 37
1784394387442 2.216921806335449 38
1784394387444 1.9346222877502441 39
1784394387446 1.8018616437911987 40
1784394387449 1.7409262657165527 41
1784394387451 1.5221354961395264 42
1784394387454 1.5669909715652466 43
1784394387456 1.2924803495407104 44
1784394387459 1.6797887086868286 45
1784394387461 1.5112981796264648 46
1784394387463 1.6415497064590454 47
1784394387466 1.432674765586853 48
1784394387468 1.205565094947815 49
1784394387471 1.1136494874954224 50
1784394387474 1.4111721515655518 51
1784394387477 1.2192611694335938 52
1784394387480 1.3244128227233887 53
1784394387482 1.204999566078186 54
1784394387485 1.1187775135040283 55
1784394387487 1.008218765258789 56
1784394387489 0.9896581768989563 57
1784394387492 0.8904778957366943 58
1784394387494 0.8302744626998901 59
1784394387497 0.8315722346305847 60
1784394387499 0.883960485458374 61
1784394387501 0.6572009921073914 62
1784394387503 0.6784502267837524 63
1784394387505 0.7377881407737732 64
1784394387507 0.6083883047103882 65
1784394387510 0.6304649114608765 66
1784394387512 0.679266631603241 67
1784394387515 0.646784782409668 68
1784394387517 0.5569294095039368 69
1784394387519 0.5604564547538757 70
1784394387522 0.4570397734642029 71
1784394387524 0.5239177942276001 72
1784394387526 0.592860221862793 73
1784394387529 0.4905936121940613 74
1784394387531 0.4064358174800873 75
1784394387533 0.4545251727104187 76
1784394387535 0.4924231469631195 77
1784394387537 0.4491993486881256 78
1784394387540 0.5071187615394592 79
1784394387542 0.41251811385154724 80
1784394387544 0.39828455448150635 81
1784394387546 0.41076192259788513 82
1784394387548 0.4294638931751251 83
1784394387551 0.3808007836341858 84
1784394387553 0.4038412570953369 85
1784394387555 0.3824695348739624 86
1784394387558 0.4201529622077942 87
1784394387560 0.35036930441856384 88
1784394387562 0.34340861439704895 89
1784394387565 0.3421325385570526 90
1784394387567 0.3401740491390228 91
1784394387570 0.3809030055999756 92
1784394387572 0.323779821395874 93
1784394387574 0.36928901076316833 94
1784394387577 0.3728208839893341 95
1784394387579 0.34912216663360596 96
1784394387581 0.3510766625404358 97
1784394387583 0.3519856035709381 98
1784394387585 0.33880579471588135 99
1784394387588 0.3759962320327759 100
1784394387590 0.3432580530643463 101
1784394387593 0.38138970732688904 102
1784394387596 0.3470148742198944 103
1784394387598 0.35567641258239746 104
1784394387600 0.31242072582244873 105
1784394387603 0.31874191761016846 106
1784394387605 0.3448185920715332 107
1784394387607 0.3441576361656189 108
1784394387609 0.30390408635139465 109
1784394387612 0.3542197048664093 110
1784394387615 0.35767239332199097 111
1784394387617 0.3349229693412781 112
1784394387620 0.32453757524490356 113
1784394387622 0.35223084688186646 114
1784394387625 0.2726899981498718 115
1784394387628 0.271029531955719 116
1784394387631 0.28680139780044556 117
1784394387633 0.2612515389919281 118
1784394387636 0.2610970139503479 119
1784394387638 0.27209800481796265 120
1784394387641 0.29391932487487793 121
1784394387643 0.29041779041290283 122
1784394387645 0.26430413126945496 123
1784394387647 0.2647375464439392 124
1784394387650 0.2732595205307007 125
1784394387652 0.2675014138221741 126
1784394387655 0.24355308711528778 127
1784394387657 0.23382365703582764 128
1784394387660 0.24820885062217712 129
1784394387662 0.23635774850845337 130
1784394387664 0.21987487375736237 131
1784394387667 0.29424217343330383 132
1784394387669 0.25699716806411743 133
1784394387672 0.2205468714237213 134
1784394387674 0.27027854323387146 135
1784394387677 0.3266235888004303 136
1784394387679 0.25339582562446594 137
1784394387681 0.26969149708747864 138
1784394387683 0.27806591987609863 139
1784394387686 0.2597385048866272 140
1784394387688 0.27969834208488464 141
1784394387690 0.26924216747283936 142
1784394387693 0.26217588782310486 143
1784394387696 0.25345101952552795 144
1784394387698 0.27199894189834595 145
1784394387701 0.2104407697916031 146
1784394387703 0.29363346099853516 147
1784394387705 0.27030354738235474 148
1784394387708 0.30049750208854675 149
1784394387710 0.27893948554992676 150
1784394387712 0.24901318550109863 151
1784394387715 0.28075700998306274 152
1784394387717 0.28768524527549744 153
1784394387719 0.2522907257080078 154
1784394387722 0.35285234451293945 155
1784394387724 0.35757607221603394 156
1784394387726 0.30496275424957275 157
1784394387730 0.3380851149559021 158
1784394387733 0.26971715688705444 159
1784394387735 0.26172974705696106 160
1784394387737 0.2308327853679657 161
1784394387740 0.2781582474708557 162
1784394387742 0.2277083396911621 163
1784394387743 0.23303329944610596 164
1784394387746 0.2714282274246216 165
1784394387748 0.2331734150648117 166
1784394387750 0.23969882726669312 167
1784394387753 0.2966603934764862 168
1784394387755 0.20027990639209747 169
1784394387757 0.33740928769111633 170
1784394387760 0.2661627531051636 171
1784394387762 0.23692531883716583 172
1784394387765 0.3200652599334717 173
1784394387767 0.2630000412464142 174
1784394387770 0.25682350993156433 175
1784394387773 0.23488745093345642 176
1784394387776 0.2825450003147125 177
1784394387778 0.27191850543022156 178
1784394387781 0.28709015250205994 179
1784394387783 0.3037017285823822 180
1784394387786 0.3364812135696411 181
1784394387789 0.2358987182378769 182
1784394387791 0.2887195944786072 183
1784394387794 0.24473688006401062 184
1784394387797 0.32994091510772705 185
1784394387799 0.3216731548309326 186
1784394387802 0.26486602425575256 187
1784394387804 0.28693512082099915 188
1784394387807 0.27260440587997437 189
1784394387810 0.3299996256828308 190
1784394387813 0.25170332193374634 191
1784394387816 0.25374627113342285 192
1784394387819 0.2782032787799835 193
1784394387821 0.2846297025680542 194
1784394387824 0.2755569815635681 195
1784394387827 0.2999241054058075 196
1784394387830 0.29484379291534424 197
1784394387832 0.3096697926521301 198
1784394387835 0.2465105950832367 199
1784394387838 0.2842711806297302 200
1784394387841 0.277512788772583 201
1784394387844 0.22086070477962494 202
1784394387846 0.29055365920066833 203
1784394387849 0.2967354357242584 204
1784394387852 0.2158505916595459 205
1784394387856 0.24895842373371124 206
1784394387859 0.22418972849845886 207
1784394387861 0.24790295958518982 208
1784394387864 0.23275122046470642 209
1784394387867 0.25487688183784485 210
1784394387869 0.23170465230941772 211
1784394387872 0.22974793612957 212
1784394387874 0.24950973689556122 213
1784394387877 0.2403630018234253 214
1784394387879 0.3069303035736084 215
1784394387882 0.2932681739330292 216
1784394387884 0.299669086933136 217
1784394387886 0.2613958716392517 218
1784394387889 0.3432632386684418 219
1784394387892 0.28950923681259155 220
1784394387894 0.25866517424583435 221
1784394387897 0.30844658613204956 222
1784394387899 0.28276878595352173 223
1784394387903 0.29360347986221313 224
1784394387906 0.22261230647563934 225
1784394387909 0.2915176749229431 226
1784394387913 0.2367677539587021 227
1784394387916 0.24747686088085175 228
1784394387918 0.23720398545265198 229
1784394387921 0.21716585755348206 230
1784394387924 0.20398922264575958 231
1784394387926 0.1940348744392395 232
1784394387929 0.2022428810596466 233
1784394387932 0.2492513805627823 234
1784394387934 0.20667923986911774 235
1784394387937 0.23394644260406494 236
1784394387939 0.2400193214416504 237
1784394387941 0.21807076036930084 238
1784394387943 0.25150471925735474 239
1784394387946 0.23631234467029572 240
1784394387948 0.22625359892845154 241
1784394387951 0.24632711708545685 242
1784394387953 0.24551460146903992 243
1784394387956 0.2777543067932129 244
1784394387959 0.22997024655342102 245
1784394387962 0.26292261481285095 246
1784394387965 0.28625261783599854 247
1784394387967 0.2155679315328598 248
1784394387970 0.287932813167572 249
1784394387973 0.20397689938545227 250
1784394387976 0.2512735426425934 251
1784394387979 0.2547744810581207 252
1784394387982 0.25513267517089844 253
1784394387986 0.2471413016319275 254
1784394387990 0.20632678270339966 255
1784394387996 0.23327603936195374 256
1784394388002 0.2449193298816681 257
1784394388005 0.21499305963516235 258
1784394388008 0.2623387277126312 259
1784394388012 0.2400267869234085 260
1784394388015 0.26727885007858276 261
1784394388018 0.2690029740333557 262
1784394388021 0.2506309151649475 263
1784394388024 0.2661648690700531 264
1784394388027 0.25921010971069336 265
1784394388030 0.2435993105173111 266
1784394388033 0.20958232879638672 267
1784394388036 0.22932550311088562 268
1784394388039 0.22932913899421692 269
1784394388042 0.2350507229566574 270
1784394388046 0.21784517168998718 271
1784394388051 0.2546532452106476 272
1784394388057 0.2625458538532257 273
1784394388062 0.2531697452068329 274
1784394388064 0.2350548505783081 275
1784394388067 0.23525160551071167 276
1784394388070 0.23584166169166565 277
1784394388072 0.20601074397563934 278
1784394388075 0.23882076144218445 279
1784394388077 0.21959514915943146 280
1784394388080 0.24877996742725372 281
1784394388082 0.2624492049217224 282
1784394388085 0.248018279671669 283
1784394388087 0.26697832345962524 284
1784394388089 0.22067329287528992 285
1784394388092 0.2728602886199951 286
1784394388094 0.2515282928943634 287
1784394388096 0.21960406005382538 288
1784394388099 0.3457527756690979 289
1784394388101 0.23423518240451813 290
1784394388103 0.27131614089012146 291
1784394388106 0.29158326983451843 292
1784394388108 0.2146722376346588 293
1784394388111 0.3023199141025543 294
1784394388113 0.2588132619857788 295
1784394388116 0.25297823548316956 296
1784394388118 0.22232377529144287 297
1784394388120 0.2632890045642853 298
1784394388123 0.26778358221054077 299
1784394388126 0.23662126064300537 300
1784394388129 0.2514313757419586 301
1784394388133 0.2803400158882141 302
1784394388135 0.23657061159610748 303
1784394388138 0.29247939586639404 304
1784394388140 0.3446371555328369 305
1784394388143 0.33765387535095215 306
1784394388145 0.26802706718444824 307
1784394388147 0.31453603506088257 308
1784394388150 0.24629050493240356 309
1784394388153 0.2008339911699295 310
1784394388155 0.25342440605163574 311
1784394388158 0.21921339631080627 312
1784394388160 0.29254916310310364 313
1784394388163 0.24532215297222137 314
1784394388165 0.30162927508354187 315
1784394388167 0.2509661316871643 316
1784394388169 0.22538159787654877 317
1784394388172 0.21150167286396027 318
1784394388174 0.251438707113266 319
1784394388177 0.2833435535430908 320
1784394388179 0.1987580806016922 321
1784394388181 0.31686562299728394 322
1784394388184 0.2991180121898651 323
1784394388186 0.25082725286483765 324
1784394388188 0.27317434549331665 325
1784394388191 0.26818516850471497 326
1784394388193 0.24888227880001068 327
1784394388196 0.2960536479949951 328
1784394388199 0.2642747759819031 329
1784394388201 0.25621557235717773 330
1784394388204 0.2996606230735779 331
1784394388207 0.3217471241950989 332
1784394388210 0.2721608877182007 333
1784394388213 0.2438962310552597 334
1784394388215 0.30877286195755005 335
1784394388217 0.2674066722393036 336
1784394388219 0.24462677538394928 337
1784394388221 0.2520754635334015 338
1784394388224 0.25156715512275696 339
1784394388226 0.2657092213630676 340
1784394388229 0.22490744292736053 341
1784394388231 0.24637971818447113 342
1784394388233 0.3600062131881714 343
1784394388236 0.22220686078071594 344
1784394388238 0.29382240772247314 345
1784394388240 0.26422637701034546 346
1784394388243 0.31710702180862427 347
1784394388245 0.24328799545764923 348
1784394388247 0.2732198238372803 349
1784394388249 0.22498881816864014 350
1784394388252 0.26869797706604004 351
1784394388254 0.3114553689956665 352
1784394388257 0.2552017867565155 353
1784394388259 0.3013923764228821 354
1784394388262 0.35737285017967224 355
1784394388264 0.19185039401054382 356
1784394388268 0.3711331784725189 357
1784394388270 0.3255007266998291 358
1784394388273 0.29211676120758057 359
1784394388275 0.3033328056335449 360
1784394388277 0.3181081712245941 361
1784394388280 0.3321661353111267 362
1784394388282 0.3428061604499817 363
1784394388285 0.3781322240829468 364
1784394388287 0.22393326461315155 365
1784394388290 0.2796478271484375 366
1784394388292 0.2723197638988495 367
1784394388295 0.22019904851913452 368
1784394388297 0.26736608147621155 369
1784394388299 0.17980746924877167 370
1784394388301 0.23993995785713196 371
1784394388303 0.23728016018867493 372
1784394388305 0.20280501246452332 373
1784394388307 0.25468793511390686 374
1784394388310 0.2551923394203186 375
1784394388313 0.2283410131931305 376
1784394388315 0.21149003505706787 377
1784394388318 0.2507210075855255 378
1784394388320 0.1805352121591568 379
1784394388322 0.23862403631210327 380
1784394388324 0.25302934646606445 381
1784394388327 0.25491583347320557 382
1784394388329 0.22874480485916138 383
1784394388331 0.24413025379180908 384
1784394388334 0.260191410779953 385
1784394388336 0.2679697573184967 386
1784394388338 0.2826506793498993 387
1784394388340 0.2430991381406784 388
1784394388343 0.18838012218475342 389
1784394388345 0.21303069591522217 390
1784394388348 0.23043015599250793 391
1784394388350 0.17272387444972992 392
1784394388353 0.2035740166902542 393
1784394388355 0.2464507520198822 394
1784394388358 0.21637728810310364 395
1784394388360 0.22154748439788818 396
1784394388362 0.22052647173404694 397
1784394388365 0.2678317129611969 398
1784394388367 0.17457926273345947 399
1784394388369 0.22406484186649323 400
1784394388372 0.20730116963386536 401
1784394388375 0.23608148097991943 402
1784394388378 0.23952576518058777 403
1784394388380 0.340655654668808 404
1784394388383 0.24546650052070618 405
1784394388385 0.24555686116218567 406
1784394388387 0.22128404676914215 407
1784394388390 0.2814778685569763 408
1784394388393 0.3093555271625519 409
1784394388395 0.33270254731178284 410
1784394388398 0.33533257246017456 411
1784394388400 0.25004711747169495 412
1784394388403 0.33578330278396606 413
1784394388405 0.29854616522789 414
1784394388407 0.26973792910575867 415
1784394388409 0.3537563383579254 416
1784394388412 0.35351747274398804 417
1784394388414 0.30649927258491516 418
1784394388417 0.36217615008354187 419
1784394388420 0.43188709020614624 420
1784394388423 0.316459596157074 421
1784394388426 0.2598417401313782 422
1784394388428 0.32015755772590637 423
1784394388430 0.3307340443134308 424
1784394388433 0.3710484504699707 425
1784394388435 0.31854450702667236 426
1784394388438 0.3871912360191345 427
1784394388440 0.37400588393211365 428
1784394388442 0.311293363571167 429
1784394388445 0.3477238118648529 430
1784394388447 0.3005314767360687 431
1784394388450 0.25786107778549194 432
1784394388453 0.3178064823150635 433
1784394388455 0.2795764207839966 434
1784394388458 0.261211633682251 435
1784394388461 0.3172663748264313 436
1784394388463 0.21504193544387817 437
1784394388465 0.2952097952365875 438
1784394388468 0.27622970938682556 439
1784394388471 0.3018377423286438 440
1784394388474 0.26778286695480347 441
1784394388476 0.34672659635543823 442
1784394388479 0.25768229365348816 443
1784394388481 0.24719950556755066 444
1784394388483 0.2832799553871155 445
1784394388485 0.20222462713718414 446
1784394388487 0.21354465186595917 447
1784394388489 0.22412484884262085 448
1784394388492 0.20741717517375946 449
1784394388494 0.24081066250801086 450
1784394388497 0.24086415767669678 451
1784394388499 0.23284772038459778 452
1784394388501 0.24416697025299072 453
1784394388503 0.1945132613182068 454
1784394388505 0.2363799661397934 455
1784394388507 0.1872791349887848 456
1784394388510 0.23761583864688873 457
1784394388512 0.20838335156440735 458
1784394388514 0.2291538566350937 459
1784394388517 0.22652842104434967 460
1784394388519 0.2913370430469513 461
1784394388521 0.23678778111934662 462
1784394388523 0.2684262990951538 463
1784394388525 0.24075068533420563 464
1784394388528 0.2960158884525299 465
1784394388530 0.24116095900535583 466
1784394388532 0.2692843973636627 467
1784394388535 0.2536628842353821 468
1784394388537 0.32376018166542053 469
1784394388540 0.19228391349315643 470
1784394388542 0.3488616943359375 471
1784394388543 0.3274482190608978 472
1784394388546 0.2346154749393463 473
1784394388548 0.31272852420806885 474
1784394388551 0.25956499576568604 475
1784394388554 0.2641894817352295 476
1784394388556 0.23737338185310364 477
1784394388559 0.3017790913581848 478
1784394388562 0.24259346723556519 479
1784394388564 0.459707647562027 480
1784394388567 0.32505765557289124 481
1784394388570 0.2596060037612915 482
1784394388572 0.2997533082962036 483
1784394388574 0.3173934817314148 484
1784394388577 0.2806214988231659 485
1784394388579 0.35514765977859497 486
1784394388581 0.36025768518447876 487
1784394388583 0.29224810004234314 488
1784394388585 0.28464165329933167 489
1784394388588 0.38003209233283997 490
1784394388590 0.32616549730300903 491
1784394388592 0.3873312473297119 492
1784394388595 0.37246572971343994 493
1784394388597 0.3566443920135498 494
1784394388599 0.2600373923778534 495
1784394388601 0.388018935918808 496
1784394388603 0.3126516342163086 497
1784394388606 0.27706825733184814 498
1784394388608 0.3418097496032715 499
1784394388610 0.2338407188653946 500
1784394388613 0.28002941608428955 501
1784394388615 0.3236466348171234 502
1784394388618 0.23232406377792358 503
1784394388620 0.30977556109428406 504
1784394388622 0.2941519021987915 505
1784394388624 0.34308597445487976 506
1784394388626 0.37790000438690186 507
1784394388628 0.26064395904541016 508
1784394388631 0.38698434829711914 509
1784394388633 0.3219408690929413 510
1784394388636 0.34426018595695496 511
1784394388638 0.32086607813835144 512
1784394388640 0.37593793869018555 513
1784394388643 0.3607708215713501 514
1784394388646 0.29184746742248535 515
1784394388649 0.3399659991264343 516
1784394388651 0.2661716341972351 517
1784394388653 0.26770493388175964 518
1784394388656 0.2958005666732788 519
1784394388659 0.3438425660133362 520
1784394388661 0.23841099441051483 521
1784394388667 0.32357257604599 522
1784394388669 0.32978910207748413 523
1784394388671 0.2629416286945343 524
1784394388674 0.3417711555957794 525
1784394388676 0.33709093928337097 526
1784394388679 0.30400627851486206 527
1784394388682 0.307025671005249 528
1784394388684 0.28036510944366455 529
1784394388687 0.2574389576911926 530
1784394388689 0.23508912324905396 531
1784394388692 0.2566872835159302 532
1784394388694 0.2588406503200531 533
1784394388696 0.2812907099723816 534
1784394388699 0.24114593863487244 535
1784394388701 0.24438239634037018 536
1784394388704 0.21682226657867432 537
1784394388706 0.2977215647697449 538
1784394388708 0.22914978861808777 539
1784394388711 0.2398143708705902 540
1784394388713 0.3306165337562561 541
1784394388716 0.25226086378097534 542
1784394388718 0.21878165006637573 543
1784394388721 0.3197712302207947 544
1784394388723 0.28101852536201477 545
1784394388725 0.22753435373306274 546
1784394388728 0.3100529909133911 547
1784394388730 0.29702669382095337 548
1784394388732 0.26893144845962524 549
1784394388735 0.2529732584953308 550
1784394388737 0.24652543663978577 551
1784394388739 0.26925233006477356 552
1784394388741 0.22625961899757385 553
1784394388743 0.2744615077972412 554
1784394388746 0.27869680523872375 555
1784394388748 0.24206727743148804 556
1784394388751 0.33316439390182495 557
1784394388754 0.25193238258361816 558
1784394388757 0.2840579152107239 559
1784394388759 0.3033738136291504 560
1784394388761 0.2611660659313202 561
1784394388764 0.30856114625930786 562
1784394388766 0.37237870693206787 563
1784394388768 0.3346376121044159 564
1784394388771 0.2563413679599762 565
1784394388773 0.3248277008533478 566
1784394388775 0.28853967785835266 567
1784394388778 0.27554211020469666 568
1784394388780 0.3196937143802643 569
1784394388782 0.31442350149154663 570
1784394388784 0.3740781247615814 571
1784394388786 0.22223734855651855 572
1784394388789 0.31006449460983276 573
1784394388791 0.31248739361763 574
1784394388794 0.29633355140686035 575
1784394388796 0.29918062686920166 576
1784394388798 0.31298115849494934 577
1784394388801 0.31883540749549866 578
1784394388803 0.20062413811683655 579
1784394388804 0.26851093769073486 580
1784394388807 0.20473624765872955 581
1784394388809 0.1793651282787323 582
1784394388811 0.20845073461532593 583
1784394388814 0.1736041158437729 584
1784394388816 0.1899297833442688 585
1784394388818 0.2211311012506485 586
1784394388820 0.16652530431747437 587
1784394388823 0.182518869638443 588
1784394388825 0.2167009860277176 589
1784394388828 0.1915622055530548 590
1784394388830 0.20827914774417877 591
1784394388833 0.1811765879392624 592
1784394388836 0.23384055495262146 593
1784394388838 0.20566527545452118 594
1784394388840 0.2013108879327774 595
1784394388843 0.2679208815097809 596
1784394388845 0.20034536719322205 597
1784394388847 0.2422463446855545 598
1784394388850 0.2639622688293457 599
1784394388852 0.23260287940502167 600
1784394388855 0.3249885141849518 601
1784394388857 0.314516544342041 602
1784394388859 0.3245711624622345 603
1784394388862 0.3637065887451172 604
1784394388864 0.2842739522457123 605
1784394388866 0.3540826439857483 606
1784394388869 0.46120595932006836 607
1784394388871 0.32506585121154785 608
1784394388874 0.2643921673297882 609
1784394388877 0.3322955369949341 610
1784394388879 0.29248419404029846 611
1784394388882 0.26984983682632446 612
1784394388884 0.37895798683166504 613
1784394388887 0.2577311396598816 614
1784394388889 0.2823208272457123 615
1784394388893 0.23410862684249878 616
1784394388896 0.3062554597854614 617
1784394388898 0.2554866671562195 618
1784394388901 0.2821846008300781 619
1784394388904 0.26275891065597534 620
1784394388906 0.2314155399799347 621
1784394388908 0.275446355342865 622
1784394388911 0.40619421005249023 623
1784394388914 0.23597398400306702 624
1784394388916 0.28932690620422363 625
1784394388919 0.24141213297843933 626
1784394388921 0.2640381455421448 627
1784394388924 0.22249123454093933 628
1784394388926 0.21509450674057007 629
1784394388930 0.21975189447402954 630
1784394388932 0.19278430938720703 631
1784394388935 0.2807766795158386 632
1784394388938 0.2315513640642166 633
1784394388940 0.25302550196647644 634
1784394388943 0.26361122727394104 635
1784394388945 0.23197953402996063 636
1784394388948 0.24849538505077362 637
1784394388950 0.1967434138059616 638
1784394388953 0.26779407262802124 639
1784394388956 0.21605464816093445 640
1784394388959 0.30776160955429077 641
1784394388961 0.33170992136001587 642
1784394388964 0.3032846450805664 643
1784394388966 0.27938058972358704 644
1784394388968 0.4134317636489868 645
1784394388971 0.4014390707015991 646
1784394388973 0.3023805618286133 647
1784394388976 0.32460537552833557 648
1784394388978 0.3407600522041321 649
1784394388980 0.2445862740278244 650
1784394388983 0.24075374007225037 651
1784394388985 0.26904261112213135 652
1784394388987 0.24635960161685944 653
1784394388990 0.2265341877937317 654
1784394388992 0.2629021406173706 655
1784394388995 0.2420598864555359 656
1784394388997 0.19246312975883484 657
1784394388999 0.19441105425357819 658
1784394389002 0.16005732119083405 659
1784394389004 0.20755936205387115 660
1784394389007 0.1816674768924713 661
1784394389010 0.21536871790885925 662
1784394389012 0.2641839385032654 663
1784394389014 0.23158298432826996 664
1784394389016 0.26772862672805786 665
1784394389019 0.26009249687194824 666
1784394389021 0.22065086662769318 667
1784394389023 0.300685316324234 668
1784394389026 0.2667824327945709 669
1784394389028 0.21573187410831451 670
1784394389031 0.2619408369064331 671
1784394389033 0.19049189984798431 672
1784394389036 0.2732159495353699 673
1784394389038 0.27322104573249817 674
1784394389040 0.28159642219543457 675
1784394389043 0.22236879169940948 676
1784394389045 0.22250758111476898 677
1784394389047 0.22364036738872528 678
1784394389050 0.21542096138000488 679
1784394389052 0.24022798240184784 680
1784394389055 0.20531168580055237 681
1784394389057 0.28285691142082214 682
1784394389060 0.2857198417186737 683
1784394389063 0.3225440979003906 684
1784394389065 0.3169752061367035 685
1784394389068 0.3197636306285858 686
1784394389071 0.35775986313819885 687
1784394389074 0.2422615885734558 688
1784394389077 0.31336137652397156 689
1784394389079 0.3335060179233551 690
1784394389082 0.34750181436538696 691
1784394389084 0.26245325803756714 692
1784394389087 0.3060849905014038 693
1784394389090 0.3144170939922333 694
1784394389093 0.22484982013702393 695
1784394389095 0.29954612255096436 696
1784394389098 0.2432938814163208 697
1784394389100 0.22108742594718933 698
1784394389103 0.2642088532447815 699
1784394389105 0.2413768172264099 700
1784394389107 0.23436738550662994 701
1784394389109 0.20684854686260223 702
1784394389112 0.2265644371509552 703
1784394389114 0.1986062377691269 704
1784394389116 0.26061269640922546 705
1784394389118 0.3191610872745514 706
1784394389121 0.21635213494300842 707
1784394389123 0.2766266465187073 708
1784394389125 0.29986900091171265 709
1784394389127 0.22539477050304413 710
1784394389129 0.2687319815158844 711
1784394389131 0.271484911441803 712
1784394389133 0.2777111232280731 713
1784394389136 0.2901800572872162 714
1784394389138 0.18842677772045135 715
1784394389141 0.28903907537460327 716
1784394389143 0.29033365845680237 717
1784394389146 0.23537728190422058 718
1784394389149 0.3505902588367462 719
1784394389152 0.2869417369365692 720
1784394389154 0.28027012944221497 721
1784394389157 0.33616095781326294 722
1784394389159 0.2948615849018097 723
1784394389161 0.3245181441307068 724
1784394389164 0.3940633237361908 725
1784394389166 0.25973597168922424 726
1784394389168 0.43629777431488037 727
1784394389171 0.44983381032943726 728
1784394389174 0.37187379598617554 729
1784394389176 0.3778531849384308 730
1784394389179 0.35253840684890747 731
1784394389181 0.4103240668773651 732
1784394389184 0.36053451895713806 733
1784394389186 0.2981732487678528 734
1784394389189 0.3483419120311737 735
1784394389191 0.3010175824165344 736
1784394389194 0.3383764326572418 737
1784394389196 0.2864382266998291 738
1784394389198 0.33519822359085083 739
1784394389201 0.27098748087882996 740
1784394389203 0.3417474031448364 741
1784394389205 0.37268584966659546 742
1784394389208 0.26081815361976624 743
1784394389210 0.3679654002189636 744
1784394389212 0.3229857385158539 745
1784394389214 0.3246311545372009 746
1784394389216 0.33681347966194153 747
1784394389219 0.3018016815185547 748
1784394389221 0.28866860270500183 749
1784394389223 0.396757036447525 750
1784394389225 0.3044305741786957 751
1784394389227 0.308662086725235 752
1784394389229 0.3336321711540222 753
1784394389232 0.3717239797115326 754
1784394389234 0.29390764236450195 755
1784394389237 0.3409268260002136 756
1784394389239 0.34400588274002075 757
1784394389241 0.3745355010032654 758
1784394389244 0.3489496409893036 759
1784394389246 0.36120402812957764 760
1784394389248 0.3505880832672119 761
1784394389250 0.38688284158706665 762
1784394389253 0.3338732421398163 763
1784394389255 0.4000873267650604 764
1784394389257 0.29354730248451233 765
1784394389259 0.4348132312297821 766
1784394389262 0.4729487895965576 767
1784394389264 0.2793688178062439 768
1784394389266 0.3965291678905487 769
1784394389269 0.38862478733062744 770
1784394389271 0.3613726496696472 771
1784394389274 0.26205217838287354 772
1784394389276 0.290724515914917 773
1784394389278 0.2906647324562073 774
1784394389280 0.22349725663661957 775
1784394389282 0.21786616742610931 776
1784394389284 0.2908526360988617 777
1784394389287 0.22432853281497955 778
1784394389289 0.29149678349494934 779
1784394389291 0.3491626977920532 780
1784394389293 0.25802236795425415 781
1784394389295 0.27851077914237976 782
1784394389298 0.3172292709350586 783
1784394389300 0.237339586019516 784
1784394389302 0.3025486469268799 785
1784394389305 0.37341415882110596 786
1784394389307 0.26734164357185364 787
1784394389310 0.3282943665981293 788
1784394389312 0.4091561436653137 789
1784394389315 0.3056926429271698 790
1784394389317 0.29340875148773193 791
1784394389319 0.37733012437820435 792
1784394389322 0.32594045996665955 793
1784394389324 0.24360531568527222 794
1784394389326 0.40809133648872375 795
1784394389329 0.23257778584957123 796
1784394389331 0.2756285071372986 797
1784394389333 0.33129629492759705 798
1784394389336 0.26533758640289307 799
1784394389338 0.30610764026641846 800
1784394389341 0.30340638756752014 801
1784394389343 0.2532133162021637 802
1784394389346 0.290619820356369 803
1784394389349 0.2427590936422348 804
1784394389351 0.3236630856990814 805
1784394389354 0.27605026960372925 806
1784394389356 0.29746198654174805 807
1784394389358 0.3183869421482086 808
1784394389360 0.3402433395385742 809
1784394389362 0.3409895598888397 810
1784394389365 0.3444094955921173 811
1784394389367 0.3364773988723755 812
1784394389369 0.3890041410923004 813
1784394389372 0.38595300912857056 814
1784394389374 0.30937257409095764 815
1784394389377 0.31760042905807495 816
1784394389380 0.34951260685920715 817
1784394389382 0.3679353594779968 818
1784394389385 0.38515883684158325 819
1784394389388 0.20421352982521057 820
1784394389390 0.35776129364967346 821
1784394389393 0.4382813572883606 822
1784394389396 0.32369542121887207 823
1784394389398 0.29996222257614136 824
1784394389401 0.39497843384742737 825
1784394389404 0.25708264112472534 826
1784394389406 0.3625449240207672 827
1784394389409 0.2991793155670166 828
1784394389412 0.33757999539375305 829
1784394389414 0.36505740880966187 830
1784394389417 0.2996941804885864 831
1784394389419 0.28499704599380493 832
1784394389422 0.3170328140258789 833
1784394389424 0.3015969693660736 834
1784394389426 0.2894117534160614 835
1784394389428 0.36674609780311584 836
1784394389431 0.35832279920578003 837
1784394389433 0.29343366622924805 838
1784394389435 0.37009233236312866 839
1784394389438 0.3773166537284851 840
1784394389440 0.2801870107650757 841
1784394389442 0.3832687437534332 842
1784394389444 0.3649102747440338 843
1784394389446 0.34560340642929077 844
1784394389448 0.24894392490386963 845
1784394389451 0.29872751235961914 846
1784394389454 0.26050570607185364 847
1784394389457 0.31744587421417236 848
1784394389459 0.28634870052337646 849
1784394389462 0.2733994126319885 850
1784394389465 0.2369486689567566 851
1784394389467 0.23030832409858704 852
1784394389469 0.2745954394340515 853
1784394389472 0.21807751059532166 854
1784394389474 0.21700049936771393 855
1784394389476 0.21716441214084625 856
1784394389478 0.21655306220054626 857
1784394389481 0.22343245148658752 858
1784394389483 0.1854356825351715 859
1784394389485 0.2157193124294281 860
1784394389488 0.1840042769908905 861
1784394389489 0.22129592299461365 862
1784394389492 0.21413861215114594 863
1784394389494 0.18901191651821136 864
1784394389497 0.24351300299167633 865
1784394389499 0.24970051646232605 866
1784394389501 0.23819023370742798 867
1784394389503 0.1715339571237564 868
1784394389506 0.23765665292739868 869
1784394389508 0.2173718810081482 870
1784394389511 0.19073441624641418 871
1784394389513 0.23194138705730438 872
1784394389516 0.20837032794952393 873
1784394389519 0.2621232569217682 874
1784394389521 0.3141809403896332 875
1784394389524 0.20641061663627625 876
1784394389526 0.2934952974319458 877
1784394389529 0.32116296887397766 878
1784394389531 0.2502933442592621 879
1784394389534 0.3336057662963867 880
1784394389536 0.30829957127571106 881
1784394389538 0.2568303346633911 882
1784394389540 0.27179965376853943 883
1784394389543 0.2414887547492981 884
1784394389545 0.2132217437028885 885
1784394389548 0.2433631271123886 886
1784394389551 0.20900005102157593 887
1784394389553 0.1928640902042389 888
1784394389555 0.220364511013031 889
1784394389558 0.2680269181728363 890
1784394389560 0.2629227936267853 891
1784394389563 0.27967569231987 892
1784394389565 0.25521180033683777 893
1784394389567 0.27914518117904663 894
1784394389569 0.21709874272346497 895
1784394389572 0.25709858536720276 896
1784394389574 0.22727195918560028 897
1784394389577 0.29618123173713684 898
1784394389579 0.2179933786392212 899
1784394389581 0.2766161262989044 900
1784394389583 0.2799166142940521 901
1784394389586 0.2821508049964905 902
1784394389588 0.2737957835197449 903
1784394389590 0.3087693452835083 904
1784394389593 0.3009123206138611 905
1784394389595 0.3185792565345764 906
1784394389598 0.33254289627075195 907
1784394389600 0.33470648527145386 908
1784394389603 0.35232096910476685 909
1784394389605 0.34303754568099976 910
1784394389608 0.3153311014175415 911
1784394389610 0.34602928161621094 912
1784394389613 0.3308444619178772 913
1784394389615 0.2670792043209076 914
1784394389618 0.3216550052165985 915
1784394389620 0.3572724163532257 916
1784394389623 0.22926941514015198 917
1784394389626 0.3532741367816925 918
1784394389628 0.2792847454547882 919
1784394389631 0.32339680194854736 920
1784394389633 0.37952324748039246 921
1784394389636 0.33360886573791504 922
1784394389639 0.2993590831756592 923
1784394389641 0.29609087109565735 924
1784394389644 0.31383994221687317 925
1784394389646 0.22358635067939758 926
1784394389649 0.25597459077835083 927
1784394389651 0.22069846093654633 928
1784394389654 0.24762709438800812 929
1784394389657 0.279542475938797 930
1784394389659 0.2832568883895874 931
1784394389661 0.2402380108833313 932
1784394389664 0.23821911215782166 933
1784394389666 0.1839503049850464 934
1784394389669 0.21253612637519836 935
1784394389671 0.22850732505321503 936
1784394389673 0.19907167553901672 937
1784394389676 0.21988768875598907 938
1784394389677 0.2327616810798645 939
1784394389680 0.29371118545532227 940
1784394389682 0.1976764053106308 941
1784394389684 0.32453790307044983 942
1784394389686 0.23630529642105103 943
1784394389688 0.2727392613887787 944
1784394389691 0.2627885937690735 945
1784394389693 0.1904967576265335 946
1784394389696 0.23233510553836823 947
1784394389699 0.2641715705394745 948
1784394389701 0.20154759287834167 949
1784394389704 0.2535688281059265 950
1784394389706 0.22520625591278076 951
1784394389709 0.2689858675003052 952
1784394389711 0.22431573271751404 953
1784394389714 0.2723340094089508 954
1784394389717 0.23427052795886993 955
1784394389720 0.3521585166454315 956
1784394389723 0.21927398443222046 957
1784394389725 0.32116618752479553 958
1784394389728 0.29638490080833435 959
1784394389731 0.28612449765205383 960
1784394389733 0.2985689640045166 961
1784394389736 0.22798874974250793 962
1784394389739 0.2549512982368469 963
1784394389741 0.23071566224098206 964
1784394389744 0.24339354038238525 965
1784394389746 0.21115127205848694 966
1784394389749 0.25787657499313354 967
1784394389752 0.24492625892162323 968
1784394389755 0.20950555801391602 969
1784394389757 0.2255849391222 970
1784394389759 0.2637556195259094 971
1784394389761 0.3324950337409973 972
1784394389764 0.2851720154285431 973
1784394389766 0.3452471196651459 974
1784394389768 0.32774069905281067 975
1784394389770 0.2874060869216919 976
1784394389773 0.38760146498680115 977
1784394389775 0.2634297311306 978
1784394389777 0.3493402898311615 979
1784394389780 0.26686641573905945 980
1784394389782 0.29597973823547363 981
1784394389784 0.3359433114528656 982
1784394389786 0.363126277923584 983
1784394389789 0.26037919521331787 984
1784394389791 0.3834097683429718 985
1784394389794 0.4364563822746277 986
1784394389796 0.23183760046958923 987
1784394389798 0.3294547200202942 988
1784394389801 0.354748398065567 989
1784394389803 0.2707529067993164 990
1784394389805 0.34387850761413574 991
1784394389807 0.36969849467277527 992
1784394389809 0.30058950185775757 993
1784394389812 0.2832895517349243 994
1784394389814 0.3299106955528259 995
1784394389817 0.27768123149871826 996
1784394389819 0.3097376823425293 997
1784394389822 0.24692502617835999 998
1784394389825 0.3496684432029724 999
1784394389828 0.33712854981422424 1000
1784394389830 0.2968190312385559 1001
1784394389833 0.3059796690940857 1002
1784394389837 0.281087189912796 1003
1784394389839 0.31424689292907715 1004
1784394389841 0.26653188467025757 1005
1784394389843 0.3021346926689148 1006
1784394389846 0.31380656361579895 1007
1784394389848 0.300137996673584 1008
1784394389851 0.2478465437889099 1009
1784394389853 0.31265079975128174 1010
1784394389856 0.2692442238330841 1011
1784394389858 0.2467464655637741 1012
1784394389859 0.3159782588481903 1013
1784394389862 0.23700928688049316 1014
1784394389864 0.20153683423995972 1015
1784394389867 0.2849379777908325 1016
1784394389869 0.260297954082489 1017
1784394389872 0.24816009402275085 1018
1784394389875 0.2952033579349518 1019
1784394389878 0.21874356269836426 1020
1784394389881 0.39141327142715454 1021
1784394389883 0.25681057572364807 1022
1784394389886 0.29549965262413025 1023
1784394389888 0.3859623074531555 1024
1784394389891 0.22517651319503784 1025
1784394389894 0.30701205134391785 1026
1784394389897 0.3157653212547302 1027
1784394389899 0.3081340789794922 1028
1784394389901 0.3271245062351227 1029
1784394389904 0.31372523307800293 1030
1784394389906 0.37938064336776733 1031
1784394389908 0.3943687081336975 1032
1784394389910 0.28707846999168396 1033
1784394389912 0.35590797662734985 1034
1784394389915 0.2908514142036438 1035
1784394389917 0.3581513464450836 1036
1784394389920 0.3710838854312897 1037
1784394389922 0.21995164453983307 1038
1784394389924 0.3315213620662689 1039
1784394389926 0.35728320479393005 1040
1784394389929 0.2673410177230835 1041
1784394389931 0.32982566952705383 1042
1784394389933 0.24519208073616028 1043
1784394389936 0.3226005434989929 1044
1784394389938 0.27111127972602844 1045
1784394389940 0.3058640658855438 1046
1784394389943 0.2888152599334717 1047
1784394389944 0.26840996742248535 1048
1784394389947 0.2318028211593628 1049
1784394389949 0.27445095777511597 1050
1784394389951 0.27684125304222107 1051
1784394389954 0.3196386396884918 1052
1784394389956 0.3508303463459015 1053
1784394389958 0.2247302383184433 1054
1784394389961 0.2888731062412262 1055
1784394389963 0.2958641052246094 1056
1784394389965 0.25014936923980713 1057
1784394389967 0.26751142740249634 1058
1784394389969 0.249727264046669 1059
1784394389972 0.21636337041854858 1060
1784394389975 0.3100087344646454 1061
1784394389977 0.26630038022994995 1062
1784394389980 0.2743547856807709 1063
1784394389982 0.32644176483154297 1064
1784394389985 0.2753104865550995 1065
1784394389987 0.2668652832508087 1066
1784394389990 0.2612331807613373 1067
1784394389992 0.25931620597839355 1068
1784394389994 0.31896743178367615 1069
1784394389997 0.22848136723041534 1070
1784394389999 0.27162307500839233 1071
1784394390002 0.22609034180641174 1072
1784394390004 0.251924067735672 1073
1784394390005 0.23669247329235077 1074
1784394390008 0.19448378682136536 1075
1784394390010 0.25981569290161133 1076
1784394390013 0.24431946873664856 1077
1784394390015 0.2629627585411072 1078
1784394390018 0.25207728147506714 1079
1784394390020 0.2741686999797821 1080
1784394390023 0.2644314765930176 1081
1784394390025 0.2745000720024109 1082
1784394390028 0.28952568769454956 1083
1784394390030 0.2256655991077423 1084
1784394390033 0.2971271872520447 1085
1784394390035 0.34398120641708374 1086
1784394390038 0.28887438774108887 1087
1784394390041 0.3126615583896637 1088
1784394390043 0.2918757498264313 1089
1784394390046 0.28622743487358093 1090
1784394390048 0.4215031564235687 1091
1784394390051 0.33189061284065247 1092
1784394390053 0.35295966267585754 1093
1784394390056 0.3881179690361023 1094
1784394390058 0.3385232985019684 1095
1784394390060 0.36306139826774597 1096
1784394390063 0.3378387987613678 1097
1784394390065 0.33475828170776367 1098
1784394390067 0.33942198753356934 1099
1784394390070 0.3248123824596405 1100
1784394390073 0.31931135058403015 1101
1784394390075 0.2887604832649231 1102
1784394390078 0.24747279286384583 1103
1784394390081 0.3241802752017975 1104
1784394390083 0.21550998091697693 1105
1784394390086 0.19734928011894226 1106
1784394390089 0.23752224445343018 1107
1784394390092 0.21580110490322113 1108
1784394390095 0.25326964259147644 1109
1784394390097 0.22765791416168213 1110
1784394390099 0.24012961983680725 1111
1784394390102 0.2630947530269623 1112
1784394390104 0.18310530483722687 1113
1784394390106 0.2693554162979126 1114
1784394390109 0.20981501042842865 1115
1784394390112 0.2574555575847626 1116
1784394390114 0.251933217048645 1117
1784394390116 0.22104895114898682 1118
1784394390119 0.2459285408258438 1119
1784394390121 0.2068452537059784 1120
1784394390123 0.22627580165863037 1121
1784394390125 0.24409116804599762 1122
1784394390128 0.17610587179660797 1123
1784394390130 0.19483917951583862 1124
1784394390132 0.17721731960773468 1125
1784394390135 0.24055811762809753 1126
1784394390137 0.17288289964199066 1127
1784394390139 0.23473307490348816 1128
1784394390142 0.2117679864168167 1129
1784394390145 0.19675388932228088 1130
1784394390148 0.3040264844894409 1131
1784394390150 0.19926142692565918 1132
1784394390153 0.2675415277481079 1133
1784394390155 0.28734317421913147 1134
1784394390158 0.17923294007778168 1135
1784394390161 0.26858919858932495 1136
1784394390164 0.2739427089691162 1137
1784394390166 0.2087109386920929 1138
1784394390169 0.28781747817993164 1139
1784394390172 0.26480650901794434 1140
1784394390174 0.24141626060009003 1141
1784394390177 0.2130156308412552 1142
1784394390180 0.25755929946899414 1143
1784394390183 0.212967649102211 1144
1784394390185 0.2358693778514862 1145
1784394390187 0.3161280155181885 1146
1784394390190 0.2254164069890976 1147
1784394390192 0.20132730901241302 1148
1784394390195 0.2712675631046295 1149
1784394390197 0.2092360407114029 1150
1784394390199 0.3105561137199402 1151
1784394390202 0.3269599974155426 1152
1784394390204 0.26661813259124756 1153
1784394390208 0.3503657579421997 1154
1784394390210 0.2652200758457184 1155
1784394390212 0.32520097494125366 1156
1784394390215 0.3612269461154938 1157
1784394390217 0.2868703305721283 1158
1784394390219 0.23151539266109467 1159
1784394390222 0.3580014407634735 1160
1784394390224 0.25669196248054504 1161
1784394390227 0.24770711362361908 1162
1784394390229 0.28913751244544983 1163
1784394390232 0.2648623585700989 1164
1784394390234 0.3134296238422394 1165
1784394390237 0.2943882942199707 1166
1784394390240 0.2692292332649231 1167
1784394390242 0.2416612058877945 1168
1784394390245 0.34372958540916443 1169
1784394390247 0.3584578335285187 1170
1784394390250 0.2742733955383301 1171
1784394390253 0.3371726870536804 1172
1784394390255 0.3062901496887207 1173
1784394390257 0.31934481859207153 1174
1784394390259 0.31769442558288574 1175
1784394390262 0.18991445004940033 1176
1784394390264 0.33602094650268555 1177
1784394390266 0.3264632225036621 1178
1784394390268 0.2958919405937195 1179
1784394390271 0.28111904859542847 1180
1784394390273 0.31044912338256836 1181
1784394390276 0.4028397798538208 1182
1784394390278 0.25695499777793884 1183
1784394390280 0.32639262080192566 1184
1784394390282 0.34067094326019287 1185
1784394390284 0.2361079305410385 1186
1784394390287 0.27938318252563477 1187
1784394390289 0.26970240473747253 1188
1784394390292 0.20843756198883057 1189
1784394390294 0.36989742517471313 1190
1784394390297 0.3591975271701813 1191
1784394390299 0.25441494584083557 1192
1784394390302 0.36482736468315125 1193
1784394390304 0.39608535170555115 1194
1784394390306 0.2755434811115265 1195
1784394390308 0.34105584025382996 1196
1784394390311 0.32097482681274414 1197
1784394390313 0.3129853904247284 1198
1784394390316 0.2954087257385254 1199
1784394390318 0.3839220106601715 1200
1784394390320 0.3352928161621094 1201
1784394390323 0.42246025800704956 1202
1784394390325 0.415449857711792 1203
1784394390327 0.32362961769104004 1204
1784394390330 0.3907575011253357 1205
1784394390332 0.3710651099681854 1206
1784394390334 0.3397389054298401 1207
1784394390336 0.39299124479293823 1208
1784394390338 0.33185631036758423 1209
1784394390341 0.34899264574050903 1210
1784394390344 0.39342162013053894 1211
1784394390346 0.2926056385040283 1212
1784394390349 0.28595393896102905 1213
1784394390351 0.30644261837005615 1214
1784394390354 0.3203631043434143 1215
1784394390356 0.3877939283847809 1216
1784394390359 0.2676049470901489 1217
1784394390362 0.3688921630382538 1218
1784394390365 0.3146260976791382 1219
1784394390367 0.3459610641002655 1220
1784394390370 0.40661701560020447 1221
1784394390372 0.2930154502391815 1222
1784394390375 0.35860294103622437 1223
1784394390377 0.4596603810787201 1224
1784394390380 0.3041459023952484 1225
1784394390382 0.3388526439666748 1226
1784394390385 0.35867756605148315 1227
1784394390387 0.3451588749885559 1228
1784394390389 0.35290074348449707 1229
1784394390391 0.24903379380702972 1230
1784394390393 0.29520758986473083 1231
1784394390396 0.3370541036128998 1232
1784394390398 0.362534761428833 1233
1784394390401 0.23532511293888092 1234
1784394390403 0.2778748869895935 1235
1784394390405 0.30942538380622864 1236
1784394390408 0.23362179100513458 1237
1784394390410 0.19958099722862244 1238
1784394390414 0.2796595096588135 1239
1784394390416 0.3145849406719208 1240
1784394390418 0.2743709087371826 1241
1784394390420 0.2909258306026459 1242
1784394390422 0.37048983573913574 1243
1784394390424 0.37648501992225647 1244
1784394390427 0.38374173641204834 1245
1784394390429 0.31325942277908325 1246
1784394390431 0.28602930903434753 1247
1784394390434 0.3389371931552887 1248
1784394390436 0.3506113290786743 1249
1784394390439 0.28235530853271484 1250
1784394390441 0.349503755569458 1251
1784394390443 0.41836732625961304 1252
1784394390446 0.3070038855075836 1253
1784394390448 0.30537450313568115 1254
1784394390451 0.30324938893318176 1255
1784394390453 0.2913317382335663 1256
1784394390456 0.3570014238357544 1257
1784394390458 0.25150066614151 1258
1784394390461 0.2813941240310669 1259
1784394390463 0.2503035366535187 1260
1784394390465 0.2920752763748169 1261
1784394390467 0.27223628759384155 1262
1784394390470 0.2636873722076416 1263
1784394390473 0.28776800632476807 1264
1784394390476 0.281634122133255 1265
1784394390478 0.26754245162010193 1266
1784394390481 0.22193992137908936 1267
1784394390483 0.2454637587070465 1268
1784394390485 0.22120240330696106 1269
1784394390488 0.20084767043590546 1270
1784394390490 0.2531226873397827 1271
1784394390493 0.2441362738609314 1272
1784394390495 0.33501189947128296 1273
1784394390497 0.21298767626285553 1274
1784394390499 0.29212361574172974 1275
1784394390501 0.3243056833744049 1276
1784394390503 0.32786303758621216 1277
1784394390506 0.2668459415435791 1278
1784394390508 0.2548416256904602 1279
1784394390511 0.37337809801101685 1280
1784394390513 0.33565524220466614 1281
1784394390516 0.2787075638771057 1282
1784394390518 0.3738113343715668 1283
1784394390521 0.3037364184856415 1284
1784394390524 0.39465853571891785 1285
1784394390526 0.29594534635543823 1286
1784394390528 0.3371538817882538 1287
1784394390531 0.41373229026794434 1288
1784394390534 0.3158206045627594 1289
1784394390536 0.29832619428634644 1290
1784394390538 0.3862782120704651 1291
1784394390541 0.31351324915885925 1292
1784394390543 0.32877182960510254 1293
1784394390545 0.32446908950805664 1294
1784394390548 0.3328359127044678 1295
1784394390550 0.3676670789718628 1296
1784394390553 0.2587020993232727 1297
1784394390555 0.39693039655685425 1298
1784394390557 0.38242751359939575 1299
1784394390559 0.27051669359207153 1300
1784394390562 0.3708084523677826 1301
1784394390564 0.3148042857646942 1302
1784394390567 0.2561544179916382 1303
1784394390569 0.312605082988739 1304
1784394390572 0.2582317292690277 1305
1784394390575 0.26588746905326843 1306
1784394390577 0.3198164403438568 1307
1784394390579 0.28612786531448364 1308
1784394390581 0.2925722002983093 1309
1784394390584 0.27367961406707764 1310
1784394390586 0.36105939745903015 1311
1784394390588 0.3537215292453766 1312
1784394390591 0.3273823857307434 1313
1784394390593 0.26628273725509644 1314
1784394390595 0.32770612835884094 1315
1784394390597 0.2831248939037323 1316
1784394390599 0.2199433594942093 1317
1784394390602 0.2343970388174057 1318
1784394390604 0.24700084328651428 1319
1784394390606 0.3344963788986206 1320
1784394390609 0.18842874467372894 1321
1784394390611 0.31371545791625977 1322
1784394390614 0.3052951395511627 1323
1784394390616 0.2370055466890335 1324
1784394390618 0.27637922763824463 1325
1784394390621 0.3071958124637604 1326
1784394390623 0.24346384406089783 1327
1784394390627 0.24995402991771698 1328
1784394390629 0.2954103946685791 1329
1784394390632 0.22480037808418274 1330
1784394390635 0.2702989876270294 1331
1784394390637 0.16893932223320007 1332
1784394390640 0.2693334221839905 1333
1784394390642 0.2884560525417328 1334
1784394390645 0.2202659249305725 1335
1784394390647 0.21701407432556152 1336
1784394390650 0.30546510219573975 1337
1784394390652 0.2679831087589264 1338
1784394390655 0.2581278085708618 1339
1784394390658 0.2789991497993469 1340
1784394390660 0.32994702458381653 1341
1784394390662 0.2402375340461731 1342
1784394390665 0.3971867561340332 1343
1784394390667 0.42223459482192993 1344
1784394390670 0.33120495080947876 1345
1784394390672 0.3564909100532532 1346
1784394390675 0.3517570495605469 1347
1784394390677 0.32817450165748596 1348
1784394390680 0.4325396418571472 1349
1784394390682 0.4198385775089264 1350
1784394390685 0.28980493545532227 1351
1784394390688 0.4604347348213196 1352
1784394390690 0.4166702926158905 1353
1784394390693 0.3686099052429199 1354
1784394390695 0.4496694505214691 1355
1784394390697 0.4142356514930725 1356
1784394390700 0.39363333582878113 1357
1784394390702 0.27551522850990295 1358
1784394390705 0.3365778625011444 1359
1784394390707 0.3072267174720764 1360
1784394390709 0.2646327018737793 1361
1784394390712 0.29611435532569885 1362
1784394390714 0.2377370148897171 1363
1784394390717 0.27263543009757996 1364
1784394390719 0.2526978850364685 1365
1784394390721 0.34471583366394043 1366
1784394390724 0.2163698822259903 1367
1784394390727 0.28245773911476135 1368
1784394390730 0.20558099448680878 1369
1784394390732 0.23295900225639343 1370
1784394390735 0.23126313090324402 1371
1784394390737 0.22059625387191772 1372
1784394390740 0.25521284341812134 1373
1784394390742 0.22151820361614227 1374
1784394390744 0.25521910190582275 1375
1784394390747 0.2443661391735077 1376
1784394390750 0.21575020253658295 1377
1784394390752 0.24740390479564667 1378
1784394390755 0.2551438510417938 1379
1784394390757 0.2815662622451782 1380
1784394390759 0.29858312010765076 1381
1784394390761 0.30366334319114685 1382
1784394390763 0.2781760096549988 1383
1784394390765 0.31675124168395996 1384
1784394390767 0.30637624859809875 1385
1784394390769 0.2059001922607422 1386
1784394390772 0.3397511839866638 1387
1784394390774 0.3171745240688324 1388
1784394390777 0.3075447976589203 1389
1784394390779 0.29911381006240845 1390
1784394390782 0.23721124231815338 1391
1784394390785 0.3318362534046173 1392
1784394390787 0.31505653262138367 1393
1784394390789 0.26267358660697937 1394
1784394390792 0.29411113262176514 1395
1784394390794 0.2876617908477783 1396
1784394390797 0.37309324741363525 1397
1784394390799 0.27444973587989807 1398
1784394390802 0.24470317363739014 1399
1784394390804 0.37517282366752625 1400
1784394390806 0.3340844213962555 1401
1784394390809 0.22420695424079895 1402
1784394390811 0.3514598608016968 1403
1784394390813 0.3154424726963043 1404
1784394390815 0.3209674060344696 1405
1784394390817 0.3037046492099762 1406
1784394390820 0.3471466898918152 1407
1784394390822 0.3204386234283447 1408
1784394390824 0.2784029245376587 1409
1784394390826 0.29206594824790955 1410
1784394390828 0.3288401663303375 1411
1784394390831 0.2501300573348999 1412
1784394390833 0.35976147651672363 1413
1784394390835 0.30152055621147156 1414
1784394390838 0.3033309578895569 1415
1784394390840 0.30525854229927063 1416
1784394390843 0.35577598214149475 1417
1784394390845 0.22428736090660095 1418
1784394390847 0.2851354479789734 1419
1784394390849 0.23541224002838135 1420
1784394390852 0.25846418738365173 1421
1784394390854 0.21519160270690918 1422
1784394390857 0.28827404975891113 1423
1784394390859 0.25797903537750244 1424
1784394390861 0.20001208782196045 1425
1784394390864 0.2941904664039612 1426
1784394390866 0.23325519263744354 1427
1784394390868 0.343403697013855 1428
1784394390871 0.27601397037506104 1429
1784394390873 0.24274355173110962 1430
1784394390876 0.2657319903373718 1431
1784394390878 0.2878585457801819 1432
1784394390881 0.24382062256336212 1433
1784394390884 0.22359302639961243 1434
1784394390886 0.23549853265285492 1435
1784394390889 0.25732752680778503 1436
1784394390891 0.23224486410617828 1437
1784394390894 0.26256105303764343 1438
1784394390897 0.2822955548763275 1439
1784394390899 0.2646198272705078 1440
1784394390902 0.2616034150123596 1441
1784394390904 0.3043529689311981 1442
1784394390907 0.2882120609283447 1443
1784394390909 0.2926173806190491 1444
1784394390912 0.29286912083625793 1445
1784394390915 0.27346545457839966 1446
1784394390917 0.2367721050977707 1447
1784394390920 0.28743118047714233 1448
1784394390922 0.24414831399917603 1449
1784394390925 0.32467120885849 1450
1784394390927 0.2590092420578003 1451
1784394390929 0.23569118976593018 1452
1784394390931 0.27741482853889465 1453
1784394390934 0.33581745624542236 1454
1784394390937 0.21114575862884521 1455
1784394390939 0.29599905014038086 1456
1784394390942 0.3159342408180237 1457
1784394390944 0.2827776074409485 1458
1784394390946 0.2589842677116394 1459
1784394390949 0.26246747374534607 1460
1784394390951 0.23905722796916962 1461
1784394390953 0.409207820892334 1462
1784394390956 0.3097189664840698 1463
1784394390957 0.17766118049621582 1464
1784394390960 0.30966636538505554 1465
1784394390962 0.35014501214027405 1466
1784394390964 0.2686633765697479 1467
1784394390967 0.3439587354660034 1468
1784394390969 0.3035276234149933 1469
1784394390972 0.25621578097343445 1470
1784394390975 0.2118031531572342 1471
1784394390977 0.2400611937046051 1472
1784394390980 0.2578762471675873 1473
1784394390982 0.2667841613292694 1474
1784394390985 0.23561833798885345 1475
1784394390987 0.2763565480709076 1476
1784394390991 0.2799155116081238 1477
1784394390993 0.28029340505599976 1478
1784394390995 0.22684001922607422 1479
1784394390998 0.32861196994781494 1480
1784394391001 0.3268056809902191 1481
1784394391004 0.2717825174331665 1482
1784394391007 0.2850181460380554 1483
1784394391010 0.3242431879043579 1484
1784394391012 0.27726298570632935 1485
1784394391016 0.25866490602493286 1486
1784394391018 0.28088101744651794 1487
1784394391021 0.26506277918815613 1488
1784394391023 0.22857554256916046 1489
1784394391027 0.30887776613235474 1490
1784394391029 0.2607956528663635 1491
1784394391033 0.29971152544021606 1492
1784394391035 0.33181625604629517 1493
1784394391037 0.32797104120254517 1494
1784394391040 0.3378632664680481 1495
1784394391042 0.34817755222320557 1496
1784394391044 0.23682817816734314 1497
1784394391046 0.3094547986984253 1498
1784394391048 0.2607569694519043 1499
1784394391051 0.23601067066192627 1500
1784394391053 0.24984078109264374 1501
1784394391056 0.28213390707969666 1502
1784394391058 0.21872548758983612 1503
1784394391060 0.24707019329071045 1504
1784394391063 0.28670185804367065 1505
1784394391065 0.15257973968982697 1506
1784394391066 0.27266058325767517 1507
1784394391070 0.24213917553424835 1508
1784394391072 0.19219574332237244 1509
1784394391075 0.21136324107646942 1510
1784394391077 0.2392292320728302 1511
1784394391079 0.20514534413814545 1512
1784394391082 0.2325402945280075 1513
1784394391084 0.340302437543869 1514
1784394391087 0.24664832651615143 1515
1784394391090 0.26172274351119995 1516
1784394391093 0.330379843711853 1517
1784394391098 0.3784672021865845 1518
1784394391100 0.25026607513427734 1519
1784394391103 0.310383141040802 1520
1784394391106 0.31445690989494324 1521
1784394391108 0.2624676525592804 1522
1784394391111 0.26627182960510254 1523
1784394391114 0.24986404180526733 1524
1784394391116 0.2514852285385132 1525
1784394391119 0.2108793705701828 1526
1784394391122 0.19937579333782196 1527
1784394391124 0.1996970772743225 1528
1784394391127 0.2366662323474884 1529
1784394391129 0.2573132812976837 1530
1784394391131 0.24124577641487122 1531
1784394391134 0.278434157371521 1532
1784394391136 0.2759304940700531 1533
1784394391139 0.23021090030670166 1534
1784394391142 0.2907847762107849 1535
1784394391144 0.3418954908847809 1536
1784394391146 0.23711542785167694 1537
1784394391149 0.25520965456962585 1538
1784394391152 0.2606408894062042 1539
1784394391154 0.19848190248012543 1540
1784394391157 0.2369360625743866 1541
1784394391159 0.2785513401031494 1542
1784394391162 0.17426589131355286 1543
1784394391164 0.27024176716804504 1544
1784394391166 0.1968788057565689 1545
1784394391169 0.21671605110168457 1546
1784394391172 0.2371455430984497 1547
1784394391174 0.27796095609664917 1548
1784394391177 0.28756099939346313 1549
1784394391179 0.19774816930294037 1550
1784394391181 0.2874292731285095 1551
1784394391183 0.19032925367355347 1552
1784394391186 0.23481552302837372 1553
1784394391188 0.21687525510787964 1554
1784394391191 0.17967799305915833 1555
1784394391193 0.248941570520401 1556
1784394391196 0.3516457974910736 1557
1784394391198 0.24191789329051971 1558
1784394391200 0.23067158460617065 1559
1784394391202 0.322914183139801 1560
1784394391205 0.21192783117294312 1561
1784394391207 0.304373562335968 1562
1784394391210 0.3124461770057678 1563
1784394391212 0.22579509019851685 1564
1784394391215 0.37232470512390137 1565
1784394391217 0.3528198003768921 1566
1784394391219 0.28571605682373047 1567
1784394391221 0.32227665185928345 1568
1784394391223 0.41909486055374146 1569
1784394391226 0.3929273188114166 1570
1784394391228 0.3330429196357727 1571
1784394391230 0.3516349196434021 1572
1784394391233 0.29114609956741333 1573
1784394391235 0.3192778527736664 1574
1784394391238 0.35027968883514404 1575
1784394391240 0.28456899523735046 1576
1784394391242 0.3221411406993866 1577
1784394391244 0.46330106258392334 1578
1784394391246 0.33215099573135376 1579
1784394391248 0.3718758821487427 1580
1784394391251 0.37187516689300537 1581
1784394391253 0.3619173467159271 1582
1784394391255 0.32850736379623413 1583
1784394391258 0.33570218086242676 1584
1784394391260 0.5044963955879211 1585
1784394391263 0.5376232862472534 1586
1784394391265 0.4004060626029968 1587
1784394391267 0.40493044257164 1588
1784394391270 0.6320691704750061 1589
1784394391273 0.6437160968780518 1590
1784394391276 0.42507779598236084 1591
1784394391278 0.3807431757450104 1592
1784394391281 0.48394492268562317 1593
1784394391283 0.44283872842788696 1594
1784394391285 0.44191399216651917 1595
1784394391288 0.3945193290710449 1596
1784394391291 0.45457324385643005 1597
1784394391294 0.4102141559123993 1598
1784394391297 0.3375220000743866 1599
1784394391299 0.43225327134132385 1600
1784394391301 0.3227398097515106 1601
1784394391304 0.24662603437900543 1602
1784394391307 0.3627004623413086 1603
1784394391309 0.3332410454750061 1604
1784394391312 0.26686540246009827 1605
1784394391314 0.36415132880210876 1606
1784394391317 0.2775624990463257 1607
1784394391319 0.2627805769443512 1608
1784394391321 0.3157358467578888 1609
1784394391324 0.24858538806438446 1610
1784394391326 0.27471858263015747 1611
1784394391329 0.3468031883239746 1612
1784394391332 0.3614831566810608 1613
1784394391335 0.31731414794921875 1614
1784394391337 0.27969837188720703 1615
1784394391339 0.31914767622947693 1616
1784394391342 0.2944031357765198 1617
1784394391344 0.21590381860733032 1618
1784394391347 0.3197743892669678 1619
1784394391349 0.23469290137290955 1620
1784394391351 0.2897484302520752 1621
1784394391354 0.2925487458705902 1622
1784394391357 0.2460939735174179 1623
1784394391359 0.25392401218414307 1624
1784394391362 0.28471997380256653 1625
1784394391364 0.19851073622703552 1626
1784394391367 0.2881217300891876 1627
1784394391369 0.32296544313430786 1628
1784394391372 0.19560763239860535 1629
1784394391375 0.2652723491191864 1630
1784394391377 0.22424748539924622 1631
1784394391380 0.27001550793647766 1632
1784394391383 0.28392305970191956 1633
1784394391385 0.2541557848453522 1634
1784394391387 0.24065200984477997 1635
1784394391390 0.2616003453731537 1636
1784394391392 0.4018038809299469 1637
1784394391395 0.3251153230667114 1638
1784394391398 0.2764171063899994 1639
1784394391400 0.3496399223804474 1640
1784394391402 0.29899948835372925 1641
1784394391405 0.27115318179130554 1642
1784394391407 0.2749481797218323 1643
1784394391410 0.31165486574172974 1644
1784394391412 0.3010343015193939 1645
1784394391415 0.20984452962875366 1646
1784394391418 0.2764585018157959 1647
1784394391420 0.33199378848075867 1648
1784394391423 0.31655871868133545 1649
1784394391425 0.2761205732822418 1650
1784394391428 0.29693180322647095 1651
1784394391430 0.3828306198120117 1652
1784394391433 0.30146852135658264 1653
1784394391435 0.28465932607650757 1654
1784394391437 0.3868620991706848 1655
1784394391439 0.2778656780719757 1656
1784394391441 0.38822007179260254 1657
1784394391443 0.2917304039001465 1658
1784394391446 0.3724968433380127 1659
1784394391448 0.2781035602092743 1660
1784394391451 0.2850366532802582 1661
1784394391453 0.3372802734375 1662
1784394391455 0.3231372833251953 1663
1784394391458 0.2796839475631714 1664
1784394391460 0.3097416162490845 1665
1784394391462 0.2951662540435791 1666
1784394391464 0.31267252564430237 1667
1784394391466 0.35882508754730225 1668
1784394391468 0.27613332867622375 1669
1784394391471 0.37834274768829346 1670
1784394391473 0.3472643196582794 1671
1784394391476 0.2518675923347473 1672
1784394391478 0.32875239849090576 1673
1784394391480 0.40717563033103943 1674
1784394391482 0.3361567258834839 1675
1784394391484 0.2581149637699127 1676
1784394391487 0.31714093685150146 1677
1784394391489 0.28685665130615234 1678
1784394391491 0.25654491782188416 1679
1784394391493 0.3093677759170532 1680
1784394391496 0.3551289439201355 1681
1784394391498 0.21892142295837402 1682
1784394391500 0.3537220060825348 1683
1784394391502 0.28579258918762207 1684
1784394391504 0.29825785756111145 1685
1784394391506 0.35527050495147705 1686
1784394391508 0.3276026248931885 1687
1784394391510 0.37650546431541443 1688
1784394391513 0.4422357380390167 1689
1784394391515 0.40362995862960815 1690
1784394391518 0.24228312075138092 1691
1784394391520 0.4220700263977051 1692
1784394391521 0.4299572706222534 1693
1784394391524 0.2563142776489258 1694
1784394391527 0.3003941774368286 1695
1784394391530 0.4778806269168854 1696
1784394391532 0.3237704038619995 1697
1784394391535 0.29213637113571167 1698
1784394391538 0.37148040533065796 1699
1784394391540 0.3836893141269684 1700
1784394391543 0.28928589820861816 1701
1784394391545 0.3989582061767578 1702
1784394391548 0.35616299510002136 1703
1784394391551 0.3356800377368927 1704
1784394391554 0.36057808995246887 1705
1784394391556 0.33983930945396423 1706
1784394391559 0.45657503604888916 1707
1784394391562 0.4144541323184967 1708
1784394391564 0.29692837595939636 1709
1784394391567 0.3729071617126465 1710
1784394391569 0.3857232332229614 1711
1784394391572 0.4051441252231598 1712
1784394391575 0.3979721665382385 1713
1784394391578 0.4339873492717743 1714
1784394391580 0.39778050780296326 1715
1784394391583 0.4871657192707062 1716
1784394391585 0.4298255443572998 1717
1784394391588 0.36413463950157166 1718
1784394391591 0.37217214703559875 1719
1784394391593 0.4641619920730591 1720
1784394391595 0.3717254102230072 1721
1784394391598 0.45296603441238403 1722
1784394391600 0.4107940196990967 1723
1784394391603 0.32326358556747437 1724
1784394391605 0.33294451236724854 1725
1784394391608 0.3179903030395508 1726
1784394391610 0.2729187607765198 1727
1784394391612 0.3355240225791931 1728
1784394391615 0.29459840059280396 1729
1784394391618 0.2844911515712738 1730
1784394391620 0.3691204786300659 1731
1784394391622 0.3077067732810974 1732
1784394391625 0.27890926599502563 1733
1784394391627 0.28129062056541443 1734
1784394391629 0.35838162899017334 1735
1784394391632 0.35562020540237427 1736
1784394391634 0.3657904863357544 1737
1784394391636 0.31804725527763367 1738
1784394391638 0.35640469193458557 1739
1784394391641 0.3727037310600281 1740
1784394391642 0.3000204861164093 1741
1784394391645 0.35642844438552856 1742
1784394391647 0.25565412640571594 1743
1784394391649 0.35399168729782104 1744
1784394391651 0.36477407813072205 1745
1784394391653 0.3981834053993225 1746
1784394391656 0.3953562378883362 1747
1784394391658 0.335711270570755 1748
1784394391661 0.4290682375431061 1749
1784394391664 0.35911837220191956 1750
1784394391666 0.3720376491546631 1751
1784394391669 0.39312687516212463 1752
1784394391672 0.4227432608604431 1753
1784394391674 0.31957367062568665 1754
1784394391677 0.2992202341556549 1755
1784394391679 0.33717697858810425 1756
1784394391682 0.24331893026828766 1757
1784394391684 0.29634901881217957 1758
1784394391686 0.3675067126750946 1759
1784394391689 0.29289138317108154 1760
1784394391691 0.36115652322769165 1761
1784394391694 0.3237569332122803 1762
1784394391696 0.2612632215023041 1763
1784394391698 0.32044920325279236 1764
1784394391701 0.2978217601776123 1765
1784394391703 0.33530697226524353 1766
1784394391705 0.31893134117126465 1767
1784394391707 0.33642446994781494 1768
1784394391709 0.4146430492401123 1769
1784394391712 0.21413969993591309 1770
1784394391714 0.35782045125961304 1771
1784394391717 0.37321361899375916 1772
1784394391719 0.21496257185935974 1773
1784394391721 0.33535757660865784 1774
1784394391724 0.33570629358291626 1775
1784394391726 0.23211272060871124 1776
1784394391728 0.33425235748291016 1777
1784394391730 0.29123449325561523 1778
1784394391732 0.3185681104660034 1779
1784394391735 0.280030220746994 1780
1784394391737 0.3234369456768036 1781
1784394391739 0.2495448887348175 1782
1784394391741 0.286663681268692 1783
1784394391743 0.33139070868492126 1784
1784394391745 0.26535677909851074 1785
1784394391748 0.3009836673736572 1786
1784394391750 0.31157273054122925 1787
1784394391752 0.26418912410736084 1788
1784394391755 0.37277624011039734 1789
1784394391757 0.28989851474761963 1790
1784394391759 0.32071685791015625 1791
1784394391761 0.29894939064979553 1792
1784394391763 0.2702595591545105 1793
1784394391766 0.3940359055995941 1794
1784394391768 0.31923767924308777 1795
1784394391770 0.3217756450176239 1796
1784394391773 0.339074969291687 1797
1784394391775 0.2739018499851227 1798
1784394391777 0.3207013010978699 1799
1784394391780 0.34195488691329956 1800
1784394391782 0.3257506191730499 1801
1784394391785 0.36886534094810486 1802
1784394391788 0.2959052622318268 1803
1784394391791 0.3543091118335724 1804
1784394391793 0.37113603949546814 1805
1784394391796 0.3078089952468872 1806
1784394391799 0.31718164682388306 1807
1784394391802 0.32566165924072266 1808
1784394391805 0.3100368082523346 1809
1784394391808 0.2732398211956024 1810
1784394391811 0.29162362217903137 1811
1784394391814 0.28683868050575256 1812
1784394391817 0.2848418653011322 1813
1784394391819 0.30153799057006836 1814
1784394391822 0.3208034634590149 1815
1784394391825 0.28393226861953735 1816
1784394391828 0.28192615509033203 1817
1784394391831 0.28586462140083313 1818
1784394391834 0.27396535873413086 1819
1784394391837 0.3023665249347687 1820
1784394391840 0.2581470310688019 1821
1784394391842 0.2916451692581177 1822
1784394391845 0.27522245049476624 1823
1784394391848 0.23223118484020233 1824
1784394391850 0.32959845662117004 1825
1784394391853 0.37454184889793396 1826
1784394391856 0.29985231161117554 1827
1784394391859 0.27596360445022583 1828
1784394391861 0.3561684489250183 1829
1784394391864 0.3884868621826172 1830
1784394391866 0.33745279908180237 1831
1784394391869 0.208235502243042 1832
1784394391872 0.3563075363636017 1833
1784394391874 0.3249484896659851 1834
1784394391877 0.3033949136734009 1835
1784394391879 0.3111971914768219 1836
1784394391882 0.237226203083992 1837
1784394391884 0.32738399505615234 1838
1784394391886 0.31254813075065613 1839
1784394391889 0.22105002403259277 1840
1784394391891 0.30233392119407654 1841
1784394391894 0.3002045750617981 1842
1784394391897 0.25266358256340027 1843
1784394391899 0.2950443923473358 1844
1784394391902 0.292426198720932 1845
1784394391904 0.29660460352897644 1846
1784394391907 0.208798348903656 1847
1784394391909 0.2907102406024933 1848
1784394391912 0.2704731225967407 1849
1784394391915 0.28041914105415344 1850
1784394391918 0.27087128162384033 1851
1784394391920 0.2797809839248657 1852
1784394391922 0.20482760667800903 1853
1784394391925 0.22956717014312744 1854
1784394391927 0.23544400930404663 1855
1784394391930 0.19445188343524933 1856
1784394391932 0.2516816258430481 1857
1784394391935 0.2762421667575836 1858
1784394391937 0.24927650392055511 1859
1784394391940 0.3039487600326538 1860
1784394391943 0.2615644335746765 1861
1784394391946 0.2794519066810608 1862
1784394391948 0.23257985711097717 1863
1784394391951 0.20674794912338257 1864
1784394391954 0.2763608396053314 1865
1784394391956 0.27063852548599243 1866
1784394391959 0.2842356860637665 1867
1784394391961 0.2973068356513977 1868
1784394391964 0.36770039796829224 1869
1784394391967 0.2926785349845886 1870
1784394391969 0.2456965297460556 1871
1784394391972 0.28976982831954956 1872
1784394391974 0.2835642397403717 1873
1784394391977 0.26070863008499146 1874
