1784393514287 51.70289993286133 0
1784393514291 179.9573211669922 1
1784393514295 141.32296752929688 2
1784393514299 71.86618041992188 3
1784393514304 42.70598602294922 4
1784393514308 36.19719314575195 5
1784393514312 43.97428894042969 6
1784393514316 48.36272430419922 7
1784393514320 38.9754753112793 8
1784393514324 30.296588897705078 9
1784393514328 28.917285919189453 10
1784393514330 25.880319595336914 11
1784393514334 21.209278106689453 12
1784393514338 15.131121635437012 13
1784393514342 11.600591659545898 14
1784393514345 11.896515846252441 15
1784393514349 12.335348129272461 16
1784393514352 11.196020126342773 17
1784393514357 9.875521659851074 18
1784393514361 10.051202774047852 19
1784393514364 10.417389869689941 20
1784393514368 9.169233322143555 21
1784393514371 8.417274475097656 22
1784393514375 6.728105068206787 23
1784393514378 7.023508071899414 24
1784393514382 7.177639484405518 25
1784393514386 7.161463260650635 26
1784393514391 5.852663040161133 27
1784393514395 5.217931270599365 28
1784393514399 5.45985221862793 29
1784393514403 5.899066925048828 30
1784393514407 5.596884250640869 31
1784393514411 5.491580486297607 32
1784393514414 5.022638320922852 33
1784393514418 4.512558937072754 34
1784393514422 4.56649112701416 35
1784393514426 5.012808799743652 36
1784393514430 4.044914245605469 37
1784393514433 4.233115196228027 38
1784393514437 3.8550381660461426 39
1784393514440 4.507789134979248 40
1784393514444 3.9733591079711914 41
1784393514447 4.370292663574219 42
1784393514451 3.6689271926879883 43
1784393514454 3.941732883453369 44
1784393514458 3.6020004749298096 45
1784393514463 3.460404872894287 46
1784393514467 3.896007537841797 47
1784393514470 3.3241000175476074 48
1784393514474 4.380069732666016 49
1784393514478 3.392364978790283 50
1784393514482 3.357883930206299 51
1784393514485 3.1410629749298096 52
1784393514489 2.7359282970428467 53
1784393514494 3.3134493827819824 54
1784393514502 2.8734822273254395 55
1784393514505 2.932948589324951 56
1784393514509 2.656625270843506 57
1784393514512 2.541231155395508 58
1784393514516 2.7282063961029053 59
1784393514519 2.570740222930908 60
1784393514525 2.6917884349823 61
1784393514530 2.118283987045288 62
1784393514533 2.178136110305786 63
1784393514537 2.6732614040374756 64
1784393514542 1.946219563484192 65
1784393514546 2.934858560562134 66
1784393514548 1.763740062713623 67
1784393514551 1.8627889156341553 68
1784393514554 1.701715111732483 69
1784393514558 2.062185525894165 70
1784393514561 1.9346858263015747 71
1784393514564 1.8447210788726807 72
1784393514567 1.7447587251663208 73
1784393514570 1.763570785522461 74
1784393514572 1.3670555353164673 75
1784393514575 1.4622578620910645 76
1784393514579 1.6522293090820312 77
1784393514583 1.6039732694625854 78
1784393514586 1.471505045890808 79
1784393514590 1.4955334663391113 80
1784393514594 1.5308690071105957 81
1784393514598 1.626585602760315 82
1784393514601 1.4072575569152832 83
1784393514605 1.7211273908615112 84
1784393514609 1.8296582698822021 85
1784393514613 1.2536475658416748 86
1784393514615 1.960068941116333 87
1784393514619 1.4927244186401367 88
1784393514622 1.7063493728637695 89
1784393514626 1.3850404024124146 90
1784393514630 1.3477632999420166 91
1784393514633 1.364293098449707 92
1784393514638 1.4084047079086304 93
1784393514642 1.6017370223999023 94
1784393514646 1.2614989280700684 95
1784393514648 1.4172855615615845 96
1784393514651 1.2102200984954834 97
1784393514655 1.2679486274719238 98
1784393514658 1.083686113357544 99
1784393514660 1.0449938774108887 100
1784393514663 1.2451136112213135 101
1784393514666 1.3410788774490356 102
1784393514669 1.6193835735321045 103
1784393514671 1.3148059844970703 104
1784393514675 1.4528090953826904 105
1784393514679 1.033442497253418 106
1784393514683 1.3366539478302002 107
1784393514687 1.4201128482818604 108
1784393514690 1.177526831626892 109
1784393514694 1.3512599468231201 110
1784393514698 1.0121054649353027 111
1784393514701 0.9842738509178162 112
1784393514705 0.9144225120544434 113
1784393514708 1.0065028667449951 114
1784393514712 1.066383957862854 115
1784393514716 1.5296982526779175 116
1784393514720 1.0260555744171143 117
1784393514725 0.9605649709701538 118
1784393514729 0.8577970862388611 119
1784393514733 0.8173912763595581 120
1784393514738 0.8983777165412903 121
1784393514742 0.8518000841140747 122
1784393514746 0.7194260954856873 123
1784393514749 0.7917621731758118 124
1784393514752 0.8512142896652222 125
1784393514756 0.8307121396064758 126
1784393514759 0.9775453209877014 127
1784393514764 1.2274794578552246 128
1784393514767 0.697873055934906 129
1784393514771 0.9397025108337402 130
1784393514774 0.7965620756149292 131
1784393514778 0.8689658641815186 132
1784393514784 0.7879995107650757 133
1784393514788 0.6355072855949402 134
1784393514793 1.2159138917922974 135
1784393514797 0.7527738809585571 136
1784393514801 0.7597109079360962 137
1784393514805 0.8119697570800781 138
1784393514809 0.6140275001525879 139
1784393514813 0.8802704811096191 140
1784393514817 0.7149277329444885 141
1784393514821 0.6691534519195557 142
1784393514825 0.6446660161018372 143
1784393514829 0.674845278263092 144
1784393514833 0.7357074618339539 145
1784393514837 0.5446101427078247 146
1784393514841 0.6209632158279419 147
1784393514845 0.6496084332466125 148
1784393514849 0.550031304359436 149
1784393514852 0.632313072681427 150
1784393514856 0.577275276184082 151
1784393514858 0.5652515888214111 152
1784393514862 0.5124646425247192 153
1784393514864 0.5701811909675598 154
1784393514867 0.7142137289047241 155
1784393514869 0.6104822754859924 156
1784393514872 0.5982508659362793 157
1784393514875 0.5400152206420898 158
1784393514879 0.5850459933280945 159
1784393514883 0.46141907572746277 160
1784393514887 0.5028820633888245 161
1784393514891 0.49271830916404724 162
1784393514895 0.4699713885784149 163
1784393514899 0.5301055312156677 164
1784393514902 0.6563420295715332 165
1784393514906 0.566953718662262 166
1784393514910 0.6019444465637207 167
1784393514913 0.4645269811153412 168
1784393514917 0.4927164316177368 169
1784393514920 0.6636062264442444 170
1784393514924 0.545088529586792 171
1784393514927 0.564983606338501 172
1784393514931 0.4702918231487274 173
1784393514934 0.7604168057441711 174
1784393514937 0.6102866530418396 175
1784393514941 0.5596528649330139 176
1784393514945 0.7589325308799744 177
1784393514948 0.45452794432640076 178
1784393514951 0.6442171931266785 179
1784393514955 0.5747694373130798 180
1784393514959 0.4144919812679291 181
1784393514962 0.5760482549667358 182
1784393514966 0.4848162531852722 183
1784393514970 0.48844003677368164 184
1784393514974 0.4589524269104004 185
1784393514978 0.49360594153404236 186
1784393514982 0.431323766708374 187
1784393514985 0.44788944721221924 188
1784393514989 0.44842976331710815 189
1784393514992 0.3931739628314972 190
1784393514996 0.39903920888900757 191
1784393514999 0.3929516673088074 192
1784393515002 0.4090787172317505 193
1784393515005 0.4011542499065399 194
1784393515007 0.45132505893707275 195
1784393515010 0.5393869876861572 196
1784393515013 0.43722623586654663 197
1784393515016 0.47147753834724426 198
1784393515019 0.4536866545677185 199
1784393515024 0.5621182918548584 200
1784393515029 0.43447086215019226 201
1784393515034 0.558317244052887 202
1784393515038 0.39885658025741577 203
1784393515041 0.5117951035499573 204
1784393515045 0.3923880457878113 205
1784393515048 0.40962672233581543 206
1784393515050 0.44203364849090576 207
1784393515053 0.43093177676200867 208
1784393515056 0.3428399860858917 209
1784393515059 0.32720744609832764 210
1784393515062 0.3813123106956482 211
1784393515065 0.32246947288513184 212
1784393515068 0.44443535804748535 213
1784393515071 0.42612504959106445 214
1784393515074 0.42448660731315613 215
1784393515078 0.4208342134952545 216
1784393515082 0.3403700590133667 217
1784393515085 0.34029144048690796 218
1784393515090 0.37761223316192627 219
1784393515094 0.35442492365837097 220
1784393515097 0.39187219738960266 221
1784393515100 0.4288126230239868 222
1784393515104 0.4055870771408081 223
1784393515107 0.4499465823173523 224
1784393515111 0.42113080620765686 225
1784393515114 0.367600679397583 226
1784393515118 0.3714141845703125 227
1784393515122 0.4590958058834076 228
1784393515126 0.3344353139400482 229
1784393515129 0.3146900534629822 230
1784393515132 0.4143006503582001 231
1784393515137 0.3153378963470459 232
1784393515141 0.4053347110748291 233
1784393515143 0.33788836002349854 234
1784393515147 0.2997901439666748 235
1784393515150 0.3249521255493164 236
1784393515154 0.3535952866077423 237
1784393515157 0.3472989797592163 238
1784393515161 0.32283443212509155 239
1784393515164 0.3150278329849243 240
1784393515166 0.3702680170536041 241
1784393515169 0.3334706425666809 242
1784393515173 0.3393269181251526 243
1784393515176 0.304830402135849 244
1784393515178 0.3284788429737091 245
1784393515181 0.3163343071937561 246
1784393515184 0.3212846517562866 247
1784393515188 0.32831767201423645 248
1784393515191 0.30127325654029846 249
1784393515195 0.28838592767715454 250
1784393515198 0.2878159284591675 251
1784393515202 0.28292950987815857 252
1784393515205 0.35095927119255066 253
1784393515209 0.315600723028183 254
1784393515214 0.37457987666130066 255
1784393515218 0.29796209931373596 256
1784393515222 0.2975611090660095 257
1784393515226 0.32003942131996155 258
1784393515230 0.31475698947906494 259
1784393515235 0.3079894483089447 260
1784393515239 0.33083614706993103 261
1784393515243 0.28776121139526367 262
1784393515247 0.2977549433708191 263
1784393515250 0.27806907892227173 264
1784393515253 0.3112986087799072 265
1784393515257 0.3555164933204651 266
1784393515261 0.3158087432384491 267
1784393515264 0.30198854207992554 268
1784393515269 0.2918386161327362 269
1784393515273 0.3034612536430359 270
1784393515276 0.32519376277923584 271
1784393515280 0.27737343311309814 272
1784393515284 0.36570537090301514 273
1784393515288 0.27123716473579407 274
1784393515291 0.26684144139289856 275
1784393515294 0.2895457148551941 276
1784393515298 0.22259071469306946 277
1784393515301 0.307298481464386 278
1784393515305 0.32715892791748047 279
1784393515308 0.333898663520813 280
1784393515312 0.31139105558395386 281
1784393515315 0.33156755566596985 282
1784393515318 0.3099939525127411 283
1784393515322 0.30279529094696045 284
1784393515326 0.28043755888938904 285
1784393515329 0.3237975239753723 286
1784393515332 0.3270421028137207 287
1784393515336 0.2787313461303711 288
1784393515339 0.32416969537734985 289
1784393515343 0.29736796021461487 290
1784393515347 0.27419570088386536 291
1784393515351 0.35114002227783203 292
1784393515354 0.3233766555786133 293
1784393515359 0.3387072682380676 294
1784393515362 0.3202105760574341 295
1784393515366 0.24525220692157745 296
1784393515369 0.27525457739830017 297
1784393515373 0.2619306147098541 298
1784393515376 0.34699010848999023 299
1784393515379 0.26414719223976135 300
1784393515382 0.3118703067302704 301
1784393515386 0.28786659240722656 302
1784393515389 0.3315148651599884 303
1784393515393 0.2682345509529114 304
1784393515396 0.316792368888855 305
1784393515399 0.3404071629047394 306
1784393515402 0.2575456202030182 307
1784393515404 0.2572084069252014 308
1784393515407 0.29299014806747437 309
1784393515409 0.25465941429138184 310
1784393515412 0.2633560299873352 311
1784393515415 0.2663280963897705 312
1784393515417 0.24850869178771973 313
1784393515420 0.2661604583263397 314
1784393515423 0.2870374619960785 315
1784393515428 0.24147458374500275 316
1784393515432 0.25390729308128357 317
1784393515435 0.3288150429725647 318
1784393515439 0.24247486889362335 319
1784393515444 0.27516788244247437 320
1784393515448 0.30478736758232117 321
1784393515452 0.3101124167442322 322
1784393515455 0.27042660117149353 323
1784393515459 0.2684324383735657 324
1784393515462 0.26834672689437866 325
1784393515466 0.23211905360221863 326
1784393515469 0.30330294370651245 327
1784393515473 0.22593533992767334 328
1784393515476 0.21728967130184174 329
1784393515480 0.2172321379184723 330
1784393515483 0.2473948448896408 331
1784393515487 0.21039634943008423 332
1784393515490 0.26011279225349426 333
1784393515494 0.19052712619304657 334
1784393515498 0.27243345975875854 335
1784393515501 0.20864610373973846 336
1784393515504 0.26533445715904236 337
1784393515508 0.2516741454601288 338
1784393515511 0.3070833086967468 339
1784393515516 0.33644548058509827 340
1784393515519 0.20100949704647064 341
1784393515523 0.343397855758667 342
1784393515526 0.24091088771820068 343
1784393515529 0.3124488890171051 344
1784393515532 0.3259619176387787 345
1784393515536 0.2467440962791443 346
1784393515539 0.29714733362197876 347
1784393515543 0.1829986274242401 348
1784393515547 0.29788416624069214 349
1784393515550 0.2527414560317993 350
1784393515553 0.2581746578216553 351
1784393515556 0.26973921060562134 352
1784393515560 0.21746765077114105 353
1784393515563 0.3035106658935547 354
1784393515567 0.29651209712028503 355
1784393515572 0.2718116044998169 356
1784393515576 0.3017728328704834 357
1784393515579 0.2115728259086609 358
1784393515584 0.24443498253822327 359
1784393515587 0.25998130440711975 360
1784393515591 0.2401035726070404 361
1784393515594 0.26040178537368774 362
1784393515597 0.1949900984764099 363
1784393515599 0.22991281747817993 364
1784393515602 0.27425074577331543 365
1784393515605 0.2113615721464157 366
1784393515608 0.25698208808898926 367
1784393515611 0.18811354041099548 368
1784393515614 0.23129305243492126 369
1784393515617 0.20689502358436584 370
1784393515621 0.2528662383556366 371
1784393515625 0.23333825170993805 372
1784393515630 0.26914292573928833 373
1784393515633 0.25401249527931213 374
1784393515637 0.21087908744812012 375
1784393515640 0.23986469209194183 376
1784393515645 0.20988765358924866 377
1784393515648 0.18704365193843842 378
1784393515651 0.22356517612934113 379
1784393515655 0.23229509592056274 380
1784393515658 0.24085529148578644 381
1784393515662 0.2663227617740631 382
1784393515665 0.3159991204738617 383
1784393515669 0.27840951085090637 384
1784393515673 0.3131434917449951 385
1784393515676 0.275989830493927 386
1784393515681 0.3443070650100708 387
1784393515684 0.2291601002216339 388
1784393515688 0.2930675148963928 389
1784393515691 0.3101295232772827 390
1784393515694 0.23607252538204193 391
1784393515696 0.2661915123462677 392
1784393515699 0.3086662292480469 393
1784393515702 0.2847582995891571 394
1784393515705 0.2905678451061249 395
1784393515708 0.33381763100624084 396
1784393515711 0.33590665459632874 397
1784393515714 0.24122729897499084 398
1784393515718 0.25201845169067383 399
1784393515721 0.25160035490989685 400
1784393515725 0.2212430238723755 401
1784393515728 0.27357912063598633 402
1784393515731 0.2411736398935318 403
1784393515735 0.17757505178451538 404
1784393515738 0.2392279952764511 405
1784393515741 0.26175457239151 406
1784393515745 0.23677760362625122 407
1784393515748 0.28057363629341125 408
1784393515752 0.22777055203914642 409
1784393515755 0.2917293906211853 410
1784393515759 0.21643243730068207 411
1784393515762 0.3352246880531311 412
1784393515765 0.2751125693321228 413
1784393515769 0.3427661061286926 414
1784393515772 0.2737693786621094 415
1784393515776 0.3099238872528076 416
1784393515780 0.32670900225639343 417
1784393515784 0.31039249897003174 418
1784393515787 0.3430854380130768 419
1784393515791 0.3878291845321655 420
1784393515795 0.31443658471107483 421
1784393515800 0.356453537940979 422
1784393515804 0.34833937883377075 423
1784393515809 0.2656070590019226 424
1784393515812 0.3066527247428894 425
1784393515816 0.3694940507411957 426
1784393515822 0.32139453291893005 427
1784393515825 0.387362003326416 428
1784393515828 0.26141107082366943 429
1784393515831 0.2626490294933319 430
1784393515833 0.35698768496513367 431
1784393515837 0.25710970163345337 432
1784393515840 0.29727208614349365 433
1784393515842 0.33641114830970764 434
1784393515845 0.2543337941169739 435
1784393515847 0.29821380972862244 436
1784393515850 0.2763253152370453 437
1784393515854 0.2565745413303375 438
1784393515858 0.28097960352897644 439
1784393515863 0.2805411219596863 440
1784393515867 0.24403026700019836 441
1784393515870 0.25873035192489624 442
1784393515875 0.26985394954681396 443
1784393515878 0.23957782983779907 444
1784393515884 0.23280900716781616 445
1784393515887 0.2681427001953125 446
1784393515891 0.21693725883960724 447
1784393515895 0.299795925617218 448
1784393515899 0.23902727663516998 449
1784393515903 0.2758306562900543 450
1784393515906 0.2538117468357086 451
1784393515911 0.23641569912433624 452
1784393515915 0.27375414967536926 453
1784393515918 0.28194016218185425 454
1784393515922 0.18498709797859192 455
1784393515925 0.27479976415634155 456
1784393515929 0.22732678055763245 457
1784393515933 0.22481989860534668 458
1784393515936 0.21710018813610077 459
1784393515940 0.21978114545345306 460
1784393515944 0.22305339574813843 461
1784393515953 0.20117613673210144 462
1784393515956 0.22518807649612427 463
1784393515960 0.21405142545700073 464
1784393515964 0.19671104848384857 465
1784393515967 0.20767654478549957 466
1784393515971 0.18484526872634888 467
1784393515975 0.17668694257736206 468
1784393515979 0.19184306263923645 469
1784393515983 0.20454703271389008 470
1784393515986 0.24256199598312378 471
1784393515990 0.19653229415416718 472
1784393515994 0.20701180398464203 473
1784393515998 0.2111678272485733 474
1784393516013 0.21366313099861145 475
1784393516017 0.2104642540216446 476
1784393516021 0.21486130356788635 477
1784393516024 0.216654434800148 478
1784393516028 0.23158636689186096 479
1784393516032 0.2069043219089508 480
1784393516035 0.21330569684505463 481
1784393516039 0.2284729778766632 482
1784393516042 0.19144123792648315 483
1784393516045 0.20674407482147217 484
1784393516048 0.16664937138557434 485
1784393516052 0.1907290369272232 486
1784393516055 0.22175653278827667 487
1784393516059 0.215294748544693 488
1784393516062 0.21665139496326447 489
1784393516066 0.30834877490997314 490
1784393516069 0.24733160436153412 491
1784393516072 0.259260356426239 492
1784393516076 0.27249443531036377 493
1784393516079 0.25285160541534424 494
1784393516082 0.2781009376049042 495
1784393516086 0.19244849681854248 496
1784393516089 0.2865070700645447 497
1784393516093 0.21109333634376526 498
1784393516098 0.3102222979068756 499
1784393516101 0.2925841212272644 500
1784393516104 0.26780447363853455 501
1784393516108 0.31494075059890747 502
1784393516112 0.24294550716876984 503
1784393516115 0.28979218006134033 504
1784393516120 0.2372826635837555 505
1784393516125 0.23074951767921448 506
1784393516129 0.2607400715351105 507
1784393516132 0.17083902657032013 508
1784393516136 0.2591383159160614 509
1784393516139 0.24101006984710693 510
1784393516143 0.2238996922969818 511
1784393516146 0.28132855892181396 512
1784393516149 0.2664957344532013 513
1784393516152 0.26357319951057434 514
1784393516154 0.294292688369751 515
1784393516158 0.25670331716537476 516
1784393516161 0.3204815983772278 517
1784393516164 0.2797176241874695 518
1784393516167 0.26142725348472595 519
1784393516171 0.27382296323776245 520
1784393516174 0.31095120310783386 521
1784393516178 0.27703115344047546 522
1784393516181 0.2658964693546295 523
1784393516184 0.28019827604293823 524
1784393516189 0.2381439357995987 525
1784393516192 0.25311774015426636 526
1784393516195 0.2626122534275055 527
1784393516199 0.26351267099380493 528
1784393516202 0.2661101520061493 529
1784393516205 0.26357996463775635 530
1784393516209 0.345609575510025 531
1784393516211 0.27838069200515747 532
1784393516215 0.25212836265563965 533
1784393516218 0.3161121606826782 534
1784393516221 0.27574795484542847 535
1784393516224 0.23939016461372375 536
1784393516228 0.26289457082748413 537
1784393516231 0.2358931601047516 538
1784393516234 0.250935822725296 539
1784393516236 0.2125275433063507 540
1784393516240 0.25559401512145996 541
1784393516243 0.20977187156677246 542
1784393516246 0.28530606627464294 543
1784393516249 0.2413630336523056 544
1784393516252 0.24642261862754822 545
1784393516254 0.2836284041404724 546
1784393516258 0.31238943338394165 547
1784393516261 0.2833346128463745 548
1784393516264 0.23624707758426666 549
1784393516267 0.2809374928474426 550
1784393516271 0.27775487303733826 551
1784393516274 0.2898062467575073 552
1784393516278 0.23605464398860931 553
1784393516281 0.3061586320400238 554
1784393516285 0.18401877582073212 555
1784393516289 0.292526513338089 556
1784393516292 0.2915244400501251 557
1784393516296 0.2578250467777252 558
1784393516300 0.3123268187046051 559
1784393516303 0.3225271999835968 560
1784393516307 0.2756800949573517 561
1784393516311 0.3023064434528351 562
1784393516314 0.32371413707733154 563
1784393516318 0.29076647758483887 564
1784393516321 0.261542409658432 565
1784393516324 0.30119842290878296 566
1784393516327 0.2242174744606018 567
1784393516330 0.35849452018737793 568
1784393516334 0.28731048107147217 569
1784393516337 0.335750550031662 570
1784393516340 0.2500966489315033 571
1784393516344 0.2831287086009979 572
1784393516347 0.27566394209861755 573
1784393516351 0.31742602586746216 574
1784393516354 0.26352444291114807 575
1784393516357 0.2908441126346588 576
1784393516361 0.24136504530906677 577
1784393516365 0.2586475610733032 578
1784393516368 0.2708367109298706 579
1784393516372 0.26744264364242554 580
1784393516376 0.2773114740848541 581
1784393516379 0.22277289628982544 582
1784393516382 0.2287377566099167 583
1784393516386 0.2375783920288086 584
1784393516389 0.21724756062030792 585
1784393516392 0.18296337127685547 586
1784393516396 0.22083863615989685 587
1784393516400 0.25824934244155884 588
1784393516403 0.21554188430309296 589
1784393516407 0.2471427321434021 590
1784393516410 0.2085677981376648 591
1784393516413 0.23988714814186096 592
1784393516416 0.181944340467453 593
1784393516420 0.2566980719566345 594
1784393516424 0.2495446354150772 595
1784393516427 0.20029310882091522 596
1784393516431 0.2923007011413574 597
1784393516434 0.2814032733440399 598
1784393516439 0.2410389930009842 599
1784393516442 0.28235137462615967 600
1784393516445 0.26441341638565063 601
1784393516449 0.2381899505853653 602
1784393516452 0.24072393774986267 603
1784393516456 0.2934955060482025 604
1784393516460 0.20119911432266235 605
1784393516464 0.2874129116535187 606
1784393516468 0.246064692735672 607
1784393516471 0.23709702491760254 608
1784393516475 0.33206960558891296 609
1784393516480 0.2728383541107178 610
1784393516483 0.21804969012737274 611
1784393516487 0.2913738191127777 612
1784393516491 0.21675053238868713 613
1784393516494 0.2435968667268753 614
1784393516498 0.2374923974275589 615
1784393516501 0.2486686110496521 616
1784393516505 0.1480148434638977 617
1784393516509 0.2632724642753601 618
1784393516514 0.20026303827762604 619
1784393516519 0.23793359100818634 620
1784393516522 0.29551729559898376 621
1784393516527 0.30238959193229675 622
1784393516532 0.2360529899597168 623
1784393516536 0.2931751608848572 624
1784393516540 0.2957385778427124 625
1784393516545 0.29225483536720276 626
1784393516549 0.26081788539886475 627
1784393516554 0.2766764760017395 628
1784393516557 0.2440667450428009 629
1784393516561 0.24091768264770508 630
1784393516565 0.26087695360183716 631
1784393516568 0.2271607220172882 632
1784393516572 0.24289332330226898 633
1784393516576 0.21617789566516876 634
1784393516579 0.305566668510437 635
1784393516581 0.2816784381866455 636
1784393516585 0.266218364238739 637
1784393516587 0.35109978914260864 638
1784393516590 0.30248773097991943 639
1784393516592 0.28987768292427063 640
1784393516594 0.3145830035209656 641
1784393516597 0.22502043843269348 642
1784393516600 0.333911269903183 643
1784393516603 0.3642953932285309 644
1784393516606 0.27429524064064026 645
1784393516610 0.2639042139053345 646
1784393516613 0.3543895483016968 647
1784393516617 0.24245765805244446 648
1784393516621 0.23088890314102173 649
1784393516624 0.2800232172012329 650
1784393516627 0.23335865139961243 651
1784393516631 0.2271016538143158 652
1784393516634 0.3066675662994385 653
1784393516638 0.22660015523433685 654
1784393516641 0.3458828330039978 655
1784393516647 0.26733675599098206 656
1784393516650 0.2557474672794342 657
1784393516654 0.24290142953395844 658
1784393516658 0.2747153639793396 659
1784393516661 0.31171882152557373 660
1784393516665 0.19811955094337463 661
1784393516669 0.23688317835330963 662
1784393516672 0.2007712870836258 663
1784393516676 0.19125184416770935 664
1784393516680 0.24272489547729492 665
1784393516683 0.2334890067577362 666
1784393516687 0.3431718051433563 667
1784393516690 0.2408321350812912 668
1784393516694 0.28034356236457825 669
1784393516697 0.3191562294960022 670
1784393516700 0.18143463134765625 671
1784393516703 0.3123190999031067 672
1784393516705 0.23200345039367676 673
1784393516708 0.2644059956073761 674
1784393516711 0.2964320778846741 675
1784393516713 0.21856442093849182 676
1784393516717 0.32313305139541626 677
1784393516719 0.3585464060306549 678
1784393516724 0.30634021759033203 679
1784393516727 0.2376362681388855 680
1784393516731 0.2877597510814667 681
1784393516735 0.222714364528656 682
1784393516739 0.3165498971939087 683
1784393516743 0.30684787034988403 684
1784393516747 0.2585012912750244 685
1784393516750 0.2831983268260956 686
1784393516753 0.31830963492393494 687
1784393516756 0.21226738393306732 688
1784393516761 0.2971048355102539 689
1784393516764 0.2515769600868225 690
1784393516767 0.23060742020606995 691
1784393516769 0.2544848322868347 692
1784393516772 0.2250470668077469 693
1784393516775 0.31147924065589905 694
1784393516778 0.2803182601928711 695
1784393516781 0.2269602119922638 696
1784393516784 0.3028821051120758 697
1784393516787 0.2901823818683624 698
1784393516790 0.27115046977996826 699
1784393516795 0.26743119955062866 700
1784393516798 0.26722121238708496 701
1784393516802 0.23260779678821564 702
1784393516807 0.2163977324962616 703
1784393516811 0.22693343460559845 704
1784393516815 0.23091188073158264 705
1784393516818 0.26606467366218567 706
1784393516822 0.2430689036846161 707
1784393516826 0.2528040409088135 708
1784393516829 0.20328713953495026 709
1784393516833 0.18979527056217194 710
1784393516836 0.1910058557987213 711
1784393516840 0.18631327152252197 712
1784393516844 0.20858775079250336 713
1784393516847 0.21171528100967407 714
1784393516851 0.22475102543830872 715
1784393516855 0.1963503509759903 716
1784393516859 0.2557803690433502 717
1784393516862 0.2017516940832138 718
1784393516866 0.2660505473613739 719
1784393516869 0.2252063751220703 720
1784393516873 0.2525278329849243 721
1784393516877 0.29894235730171204 722
1784393516880 0.18996450304985046 723
1784393516884 0.2793167531490326 724
1784393516887 0.21697093546390533 725
1784393516891 0.20537316799163818 726
1784393516895 0.21773789823055267 727
1784393516900 0.22979870438575745 728
1784393516903 0.23077058792114258 729
1784393516907 0.16333632171154022 730
1784393516912 0.21447166800498962 731
1784393516917 0.14769528806209564 732
1784393516921 0.18920841813087463 733
1784393516925 0.19581753015518188 734
1784393516932 0.19743302464485168 735
1784393516936 0.3151971697807312 736
1784393516942 0.2219986468553543 737
1784393516946 0.2414795458316803 738
1784393516951 0.25853338837623596 739
1784393516954 0.2268112748861313 740
1784393516958 0.2147745043039322 741
1784393516961 0.2206767499446869 742
1784393516965 0.22184234857559204 743
1784393516968 0.19585396349430084 744
1784393516971 0.27054470777511597 745
1784393516975 0.26749351620674133 746
1784393516979 0.26150792837142944 747
1784393516982 0.32780924439430237 748
1784393516986 0.3334813117980957 749
1784393516991 0.3030329644680023 750
1784393516995 0.2685532867908478 751
1784393516999 0.3182937502861023 752
1784393517004 0.251482218503952 753
1784393517008 0.24674905836582184 754
1784393517013 0.325423002243042 755
1784393517018 0.28678470849990845 756
1784393517024 0.2343079149723053 757
1784393517029 0.29207441210746765 758
1784393517033 0.19204317033290863 759
1784393517038 0.3104243576526642 760
1784393517042 0.267448753118515 761
1784393517047 0.2695108652114868 762
1784393517052 0.2816552221775055 763
1784393517057 0.23827973008155823 764
1784393517061 0.3196896016597748 765
1784393517065 0.32885468006134033 766
1784393517068 0.34367111325263977 767
1784393517072 0.3029688000679016 768
1784393517075 0.33827728033065796 769
1784393517079 0.3245856463909149 770
1784393517083 0.2950776219367981 771
1784393517087 0.2757660746574402 772
1784393517090 0.31732919812202454 773
1784393517094 0.28113555908203125 774
1784393517097 0.3263457417488098 775
1784393517100 0.254198282957077 776
1784393517104 0.2986873984336853 777
1784393517107 0.23048661649227142 778
1784393517111 0.24068686366081238 779
1784393517114 0.21204152703285217 780
1784393517118 0.19280177354812622 781
1784393517121 0.21344345808029175 782
1784393517125 0.2292151004076004 783
1784393517127 0.18419453501701355 784
1784393517131 0.23409950733184814 785
1784393517135 0.21226051449775696 786
1784393517138 0.18499179184436798 787
1784393517140 0.2547893524169922 788
1784393517144 0.2649937868118286 789
1784393517147 0.20876483619213104 790
1784393517149 0.23160554468631744 791
1784393517152 0.16645914316177368 792
1784393517154 0.301078200340271 793
1784393517157 0.24748018383979797 794
1784393517159 0.23739129304885864 795
1784393517162 0.256294846534729 796
1784393517165 0.18879330158233643 797
1784393517169 0.25910934805870056 798
1784393517172 0.2825717031955719 799
1784393517175 0.23635156452655792 800
1784393517180 0.24432732164859772 801
1784393517183 0.26873305439949036 802
1784393517186 0.2893295884132385 803
1784393517192 0.22776687145233154 804
1784393517195 0.21870337426662445 805
1784393517198 0.23342081904411316 806
1784393517201 0.2264672964811325 807
1784393517204 0.24084965884685516 808
1784393517207 0.2536807954311371 809
1784393517209 0.23730714619159698 810
1784393517212 0.2514115571975708 811
1784393517215 0.24871812760829926 812
1784393517217 0.2863478362560272 813
1784393517221 0.2593730092048645 814
1784393517225 0.25078102946281433 815
1784393517229 0.26839545369148254 816
1784393517233 0.29193633794784546 817
1784393517237 0.3050954341888428 818
1784393517241 0.3763110339641571 819
1784393517244 0.2657504081726074 820
1784393517248 0.3214685320854187 821
1784393517252 0.3893294632434845 822
1784393517255 0.3334696590900421 823
1784393517259 0.24546360969543457 824
1784393517262 0.32445022463798523 825
1784393517265 0.32742324471473694 826
1784393517268 0.22240133583545685 827
1784393517271 0.3199482560157776 828
1784393517275 0.2150193452835083 829
1784393517278 0.32369378209114075 830
1784393517281 0.288491815328598 831
1784393517285 0.2449999302625656 832
1784393517288 0.31963616609573364 833
1784393517292 0.21547681093215942 834
1784393517296 0.34325873851776123 835
1784393517300 0.23889146745204926 836
1784393517304 0.24993522465229034 837
1784393517310 0.35137930512428284 838
1784393517314 0.3136485815048218 839
1784393517320 0.2553645372390747 840
1784393517328 0.3175058960914612 841
1784393517332 0.35711532831192017 842
1784393517336 0.2677593231201172 843
1784393517339 0.2551913857460022 844
1784393517343 0.3000119924545288 845
1784393517347 0.24301311373710632 846
1784393517350 0.31319156289100647 847
1784393517353 0.2927924692630768 848
1784393517357 0.2066676914691925 849
1784393517361 0.2079792022705078 850
1784393517364 0.25028467178344727 851
1784393517368 0.2014942765235901 852
1784393517374 0.21563437581062317 853
1784393517378 0.24716103076934814 854
1784393517383 0.25816595554351807 855
1784393517388 0.2612784504890442 856
1784393517394 0.2336297631263733 857
1784393517399 0.20702943205833435 858
1784393517403 0.21279487013816833 859
1784393517408 0.2398972064256668 860
1784393517413 0.27591046690940857 861
1784393517417 0.28869813680648804 862
1784393517421 0.2163040190935135 863
1784393517426 0.2816949188709259 864
1784393517430 0.1746605783700943 865
1784393517435 0.26861634850502014 866
1784393517439 0.27739545702934265 867
1784393517443 0.21980372071266174 868
1784393517448 0.2658978998661041 869
1784393517452 0.3101799190044403 870
1784393517456 0.3199363052845001 871
1784393517461 0.31639358401298523 872
1784393517465 0.23915022611618042 873
1784393517469 0.34860116243362427 874
1784393517474 0.32879936695098877 875
1784393517477 0.32438093423843384 876
1784393517482 0.2644529938697815 877
1784393517486 0.2738274037837982 878
1784393517490 0.289366215467453 879
1784393517494 0.23945201933383942 880
1784393517497 0.2730430066585541 881
1784393517501 0.19433222711086273 882
1784393517504 0.29282814264297485 883
1784393517508 0.29817530512809753 884
1784393517512 0.24233798682689667 885
1784393517516 0.26841893792152405 886
1784393517519 0.29395952820777893 887
1784393517523 0.2010376900434494 888
1784393517526 0.2486126571893692 889
1784393517530 0.19249199330806732 890
1784393517533 0.2876954674720764 891
1784393517538 0.27362990379333496 892
1784393517541 0.2386462390422821 893
1784393517545 0.32794567942619324 894
1784393517549 0.2589132487773895 895
1784393517552 0.34622707962989807 896
1784393517556 0.2840477526187897 897
1784393517561 0.3235475420951843 898
1784393517564 0.3671942949295044 899
1784393517568 0.3513442873954773 900
1784393517572 0.22901611030101776 901
1784393517575 0.27569490671157837 902
1784393517579 0.3321166932582855 903
1784393517583 0.252081960439682 904
1784393517587 0.29717686772346497 905
1784393517591 0.2990610897541046 906
1784393517595 0.22288775444030762 907
1784393517598 0.2865768373012543 908
1784393517601 0.3767143189907074 909
1784393517606 0.3146111071109772 910
1784393517609 0.28131991624832153 911
1784393517613 0.352417528629303 912
1784393517617 0.2854991555213928 913
1784393517621 0.2434660792350769 914
1784393517624 0.2559880018234253 915
1784393517628 0.31741300225257874 916
1784393517631 0.2494490146636963 917
1784393517634 0.28546908497810364 918
1784393517636 0.3230311870574951 919
1784393517640 0.24531202018260956 920
1784393517642 0.30164775252342224 921
1784393517645 0.37433093786239624 922
1784393517647 0.26776644587516785 923
1784393517650 0.27712640166282654 924
1784393517653 0.2975839674472809 925
1784393517657 0.25889861583709717 926
1784393517661 0.2764613926410675 927
1784393517664 0.26457667350769043 928
1784393517668 0.2455405592918396 929
1784393517672 0.22076112031936646 930
1784393517676 0.22060039639472961 931
1784393517680 0.23894423246383667 932
1784393517683 0.21146787703037262 933
1784393517688 0.21093526482582092 934
1784393517691 0.2342737764120102 935
1784393517695 0.24813036620616913 936
1784393517698 0.23242229223251343 937
1784393517702 0.2500429153442383 938
1784393517704 0.23216962814331055 939
1784393517707 0.2184600532054901 940
1784393517710 0.24934762716293335 941
1784393517713 0.21008647978305817 942
1784393517718 0.26984596252441406 943
1784393517720 0.2370375543832779 944
1784393517723 0.25738632678985596 945
1784393517726 0.29623717069625854 946
1784393517730 0.23293536901474 947
1784393517734 0.22353847324848175 948
1784393517738 0.25932368636131287 949
1784393517742 0.20502933859825134 950
1784393517747 0.2813287675380707 951
1784393517750 0.21379756927490234 952
1784393517754 0.2294311672449112 953
1784393517758 0.2567079961299896 954
1784393517762 0.2443491518497467 955
1784393517767 0.21657289564609528 956
1784393517770 0.2365216612815857 957
1784393517774 0.2574208676815033 958
1784393517778 0.2084561586380005 959
1784393517781 0.2188098132610321 960
1784393517785 0.23361517488956451 961
1784393517788 0.19067350029945374 962
1784393517791 0.1848074048757553 963
1784393517795 0.18668802082538605 964
1784393517799 0.14824682474136353 965
1784393517804 0.20835784077644348 966
1784393517807 0.19044893980026245 967
1784393517811 0.17242370545864105 968
1784393517816 0.24899038672447205 969
1784393517820 0.1744103878736496 970
1784393517823 0.17457227408885956 971
1784393517826 0.2236756682395935 972
1784393517831 0.2081582099199295 973
1784393517833 0.2990749478340149 974
1784393517838 0.24184644222259521 975
1784393517841 0.2115742564201355 976
1784393517846 0.25354719161987305 977
1784393517850 0.16011038422584534 978
1784393517853 0.22474810481071472 979
1784393517857 0.20029915869235992 980
1784393517862 0.21341542899608612 981
1784393517866 0.18219681084156036 982
1784393517870 0.21430927515029907 983
1784393517874 0.24107345938682556 984
1784393517878 0.2012718915939331 985
1784393517882 0.3248298466205597 986
1784393517886 0.25900739431381226 987
1784393517890 0.2876826524734497 988
1784393517894 0.39759087562561035 989
1784393517897 0.2845187485218048 990
1784393517901 0.30494630336761475 991
1784393517903 0.34444206953048706 992
1784393517906 0.2881048917770386 993
1784393517909 0.2852543592453003 994
1784393517911 0.30440619587898254 995
1784393517914 0.2904432415962219 996
1784393517916 0.3003333806991577 997
1784393517918 0.34859657287597656 998
1784393517921 0.3302518129348755 999
1784393517925 0.3115561008453369 1000
1784393517931 0.3481939435005188 1001
1784393517935 0.2542516887187958 1002
1784393517939 0.28384554386138916 1003
1784393517944 0.27874088287353516 1004
1784393517948 0.23535312712192535 1005
1784393517951 0.2777553200721741 1006
1784393517955 0.28391963243484497 1007
1784393517958 0.3001793622970581 1008
1784393517962 0.27167075872421265 1009
1784393517964 0.3795388340950012 1010
1784393517967 0.3388160765171051 1011
1784393517969 0.2668389678001404 1012
1784393517972 0.23974458873271942 1013
1784393517974 0.27037686109542847 1014
1784393517977 0.29462289810180664 1015
1784393517980 0.25475579500198364 1016
1784393517982 0.2874736785888672 1017
1784393517985 0.24139785766601562 1018
1784393517989 0.2140021175146103 1019
1784393517992 0.24336807429790497 1020
1784393517996 0.23409625887870789 1021
1784393517999 0.23857609927654266 1022
1784393518003 0.18829599022865295 1023
1784393518008 0.22795668244361877 1024
1784393518011 0.2565803825855255 1025
1784393518015 0.1946425884962082 1026
1784393518021 0.24491113424301147 1027
1784393518024 0.20662479102611542 1028
1784393518028 0.19078347086906433 1029
1784393518031 0.19693462550640106 1030
1784393518035 0.22246351838111877 1031
1784393518039 0.18817518651485443 1032
1784393518043 0.22922362387180328 1033
1784393518046 0.21339918673038483 1034
1784393518049 0.1969974935054779 1035
1784393518053 0.220491424202919 1036
1784393518056 0.22449719905853271 1037
1784393518060 0.252372682094574 1038
1784393518063 0.24782072007656097 1039
1784393518068 0.20448535680770874 1040
1784393518071 0.2537367641925812 1041
1784393518074 0.22996513545513153 1042
1784393518077 0.1646856963634491 1043
1784393518079 0.23442617058753967 1044
1784393518082 0.17911937832832336 1045
1784393518084 0.21394097805023193 1046
1784393518087 0.2006206512451172 1047
1784393518089 0.19255125522613525 1048
1784393518091 0.23485520482063293 1049
1784393518094 0.17516693472862244 1050
1784393518099 0.27915412187576294 1051
1784393518102 0.2761480510234833 1052
1784393518107 0.19198712706565857 1053
1784393518111 0.30237364768981934 1054
1784393518114 0.27547723054885864 1055
1784393518117 0.21313521265983582 1056
1784393518121 0.3290461599826813 1057
1784393518125 0.2449060082435608 1058
1784393518129 0.22907370328903198 1059
1784393518132 0.24204857647418976 1060
1784393518135 0.22255945205688477 1061
1784393518138 0.22866807878017426 1062
1784393518140 0.2499472200870514 1063
1784393518143 0.24510952830314636 1064
1784393518146 0.36074310541152954 1065
1784393518149 0.22179237008094788 1066
1784393518152 0.2271612286567688 1067
1784393518155 0.2849055230617523 1068
1784393518158 0.2481643706560135 1069
1784393518161 0.23177295923233032 1070
1784393518166 0.3061071038246155 1071
1784393518169 0.29524946212768555 1072
1784393518173 0.3113710284233093 1073
1784393518177 0.2688676118850708 1074
1784393518180 0.3654097616672516 1075
1784393518183 0.32977017760276794 1076
1784393518186 0.28956663608551025 1077
1784393518189 0.22742371261119843 1078
1784393518193 0.28767895698547363 1079
1784393518195 0.40866148471832275 1080
1784393518198 0.2854282259941101 1081
1784393518201 0.21662062406539917 1082
1784393518204 0.2738035321235657 1083
1784393518208 0.26292160153388977 1084
1784393518212 0.25382712483406067 1085
1784393518215 0.23634058237075806 1086
1784393518219 0.2820836305618286 1087
1784393518222 0.3061143457889557 1088
1784393518225 0.2217078059911728 1089
1784393518229 0.2705095410346985 1090
1784393518233 0.33243197202682495 1091
1784393518236 0.23513111472129822 1092
1784393518239 0.22563211619853973 1093
1784393518242 0.2620585560798645 1094
1784393518244 0.21197660267353058 1095
1784393518247 0.3132069408893585 1096
1784393518249 0.2602236270904541 1097
1784393518252 0.2915836572647095 1098
1784393518254 0.308401882648468 1099
1784393518257 0.30962643027305603 1100
1784393518260 0.2456311136484146 1101
1784393518264 0.25578856468200684 1102
1784393518268 0.3122127950191498 1103
1784393518272 0.20182639360427856 1104
1784393518276 0.25291603803634644 1105
1784393518279 0.23452851176261902 1106
1784393518283 0.2405179738998413 1107
1784393518286 0.23638758063316345 1108
1784393518289 0.24832627177238464 1109
1784393518293 0.31408536434173584 1110
1784393518296 0.20696596801280975 1111
1784393518300 0.3196297883987427 1112
1784393518302 0.3033919334411621 1113
1784393518306 0.38443633913993835 1114
1784393518308 0.24837355315685272 1115
1784393518311 0.19132813811302185 1116
1784393518314 0.2682199776172638 1117
1784393518317 0.24066704511642456 1118
1784393518319 0.23028908669948578 1119
1784393518322 0.25933337211608887 1120
1784393518325 0.24544328451156616 1121
1784393518329 0.2075054943561554 1122
1784393518333 0.33653491735458374 1123
1784393518338 0.25563833117485046 1124
1784393518342 0.28611135482788086 1125
1784393518345 0.28025782108306885 1126
1784393518349 0.250995010137558 1127
1784393518353 0.24895571172237396 1128
1784393518357 0.2289884388446808 1129
1784393518361 0.22201992571353912 1130
1784393518365 0.21907246112823486 1131
1784393518369 0.2243146300315857 1132
1784393518373 0.2780586779117584 1133
1784393518377 0.22468619048595428 1134
1784393518381 0.24225912988185883 1135
1784393518385 0.2720041871070862 1136
1784393518388 0.2412036508321762 1137
1784393518392 0.2633393108844757 1138
1784393518396 0.2416398972272873 1139
1784393518400 0.20650073885917664 1140
1784393518404 0.2882850468158722 1141
1784393518409 0.25014522671699524 1142
1784393518413 0.2573849558830261 1143
1784393518417 0.33167093992233276 1144
1784393518421 0.25832244753837585 1145
1784393518425 0.28751081228256226 1146
1784393518429 0.30368679761886597 1147
1784393518432 0.26305004954338074 1148
1784393518437 0.3149570822715759 1149
1784393518440 0.37047794461250305 1150
1784393518443 0.28944137692451477 1151
1784393518446 0.24396644532680511 1152
1784393518448 0.2784814238548279 1153
1784393518452 0.2107343226671219 1154
1784393518454 0.31045547127723694 1155
1784393518457 0.233915776014328 1156
1784393518459 0.33822521567344666 1157
1784393518462 0.28603607416152954 1158
1784393518465 0.31904131174087524 1159
1784393518468 0.3831331431865692 1160
1784393518471 0.26013219356536865 1161
1784393518475 0.3189963102340698 1162
1784393518478 0.43160971999168396 1163
1784393518482 0.3601372241973877 1164
1784393518485 0.22826074063777924 1165
1784393518489 0.4043896794319153 1166
1784393518492 0.39139240980148315 1167
1784393518496 0.2129485309123993 1168
1784393518500 0.3753374218940735 1169
1784393518505 0.38462936878204346 1170
1784393518508 0.28547435998916626 1171
1784393518514 0.34216731786727905 1172
1784393518518 0.31964588165283203 1173
1784393518520 0.33487027883529663 1174
1784393518523 0.30285632610321045 1175
1784393518526 0.36409392952919006 1176
1784393518528 0.30650758743286133 1177
1784393518531 0.31997621059417725 1178
1784393518533 0.3506390154361725 1179
1784393518537 0.24000848829746246 1180
1784393518540 0.31602564454078674 1181
1784393518543 0.2911938428878784 1182
1784393518547 0.22391414642333984 1183
1784393518551 0.2761295735836029 1184
1784393518554 0.30001184344291687 1185
1784393518558 0.2847592532634735 1186
1784393518561 0.2981436550617218 1187
1784393518565 0.23203817009925842 1188
1784393518569 0.22459828853607178 1189
1784393518573 0.23658975958824158 1190
1784393518577 0.21481917798519135 1191
1784393518581 0.19057586789131165 1192
1784393518585 0.2543342411518097 1193
1784393518588 0.22784078121185303 1194
1784393518592 0.1864791214466095 1195
1784393518595 0.2134806513786316 1196
1784393518599 0.2508860230445862 1197
1784393518603 0.19210422039031982 1198
1784393518606 0.27509668469429016 1199
1784393518610 0.23485833406448364 1200
1784393518613 0.23468926548957825 1201
1784393518616 0.2593607008457184 1202
1784393518620 0.3231508135795593 1203
1784393518623 0.2703026533126831 1204
1784393518627 0.29859182238578796 1205
1784393518630 0.3046016991138458 1206
1784393518633 0.24740329384803772 1207
1784393518636 0.2819889485836029 1208
1784393518640 0.2644517421722412 1209
1784393518642 0.28571581840515137 1210
1784393518645 0.2457229197025299 1211
1784393518648 0.20170529186725616 1212
1784393518651 0.22968441247940063 1213
1784393518654 0.23628661036491394 1214
1784393518656 0.23697176575660706 1215
1784393518659 0.21319922804832458 1216
1784393518664 0.3066193461418152 1217
1784393518667 0.23553414642810822 1218
1784393518671 0.18525563180446625 1219
1784393518675 0.23902393877506256 1220
1784393518679 0.2266087830066681 1221
1784393518682 0.2017299383878708 1222
1784393518685 0.18985208868980408 1223
1784393518689 0.20518437027931213 1224
1784393518691 0.2077115774154663 1225
1784393518694 0.25573471188545227 1226
1784393518696 0.26301729679107666 1227
1784393518699 0.21318292617797852 1228
1784393518702 0.2682760953903198 1229
1784393518704 0.2574698328971863 1230
1784393518707 0.23906591534614563 1231
1784393518710 0.28651249408721924 1232
1784393518713 0.1813683807849884 1233
1784393518717 0.2387445569038391 1234
1784393518722 0.22815051674842834 1235
1784393518727 0.2443099319934845 1236
1784393518731 0.3085821568965912 1237
1784393518734 0.2762802839279175 1238
1784393518739 0.24021287262439728 1239
1784393518743 0.26271820068359375 1240
1784393518747 0.25763192772865295 1241
1784393518750 0.19283297657966614 1242
1784393518754 0.26153481006622314 1243
1784393518756 0.2370568960905075 1244
1784393518759 0.23774117231369019 1245
1784393518762 0.25869113206863403 1246
1784393518765 0.1783330738544464 1247
1784393518768 0.23648792505264282 1248
1784393518770 0.2585888206958771 1249
1784393518773 0.1731366068124771 1250
1784393518776 0.3117537498474121 1251
1784393518780 0.19106759130954742 1252
1784393518784 0.20165708661079407 1253
1784393518788 0.2560313045978546 1254
1784393518792 0.22261600196361542 1255
1784393518796 0.21713519096374512 1256
1784393518801 0.24149318039417267 1257
1784393518804 0.21833032369613647 1258
1784393518808 0.24231864511966705 1259
1784393518811 0.1854533553123474 1260
1784393518815 0.2725815773010254 1261
1784393518818 0.26980552077293396 1262
1784393518822 0.239864319562912 1263
1784393518825 0.29645758867263794 1264
1784393518829 0.2575835883617401 1265
1784393518832 0.27555927634239197 1266
1784393518835 0.29139551520347595 1267
1784393518839 0.3579290807247162 1268
1784393518842 0.2912096083164215 1269
1784393518846 0.26308760046958923 1270
1784393518848 0.261812299489975 1271
1784393518851 0.2859352231025696 1272
1784393518854 0.21247103810310364 1273
1784393518856 0.2783587872982025 1274
1784393518859 0.24117806553840637 1275
1784393518861 0.23579049110412598 1276
1784393518865 0.24856950342655182 1277
1784393518867 0.2369108498096466 1278
1784393518870 0.221135675907135 1279
1784393518874 0.259156733751297 1280
1784393518878 0.20658862590789795 1281
1784393518882 0.21972805261611938 1282
1784393518885 0.2731420397758484 1283
1784393518889 0.2454688549041748 1284
1784393518893 0.20433257520198822 1285
1784393518897 0.2965419888496399 1286
1784393518901 0.1964237093925476 1287
1784393518904 0.262931227684021 1288
1784393518908 0.26081550121307373 1289
1784393518912 0.19961673021316528 1290
1784393518915 0.24938656389713287 1291
1784393518920 0.28119027614593506 1292
1784393518923 0.2609017491340637 1293
1784393518927 0.24333249032497406 1294
1784393518931 0.29632705450057983 1295
1784393518935 0.2726021111011505 1296
1784393518938 0.2875998616218567 1297
1784393518940 0.3103601932525635 1298
1784393518943 0.2636253237724304 1299
1784393518945 0.27478957176208496 1300
1784393518948 0.228946715593338 1301
1784393518950 0.2605893015861511 1302
1784393518953 0.23392562568187714 1303
1784393518956 0.20670415461063385 1304
1784393518959 0.2686800956726074 1305
1784393518962 0.214017853140831 1306
1784393518966 0.25209224224090576 1307
1784393518969 0.18819570541381836 1308
1784393518975 0.3386325240135193 1309
1784393518979 0.21355462074279785 1310
1784393518982 0.30867210030555725 1311
1784393518986 0.3448387086391449 1312
1784393518989 0.2621840536594391 1313
1784393518993 0.29079097509384155 1314
1784393518997 0.19082129001617432 1315
1784393519000 0.24940353631973267 1316
1784393519003 0.2651866376399994 1317
1784393519005 0.1873784214258194 1318
1784393519008 0.25028887391090393 1319
1784393519011 0.25748565793037415 1320
1784393519014 0.21643708646297455 1321
1784393519017 0.26730960607528687 1322
1784393519020 0.22554504871368408 1323
1784393519023 0.2235107123851776 1324
1784393519027 0.27646490931510925 1325
1784393519031 0.2275930792093277 1326
1784393519035 0.2259780913591385 1327
1784393519039 0.22432762384414673 1328
1784393519042 0.1972578763961792 1329
1784393519045 0.25441792607307434 1330
1784393519050 0.21438738703727722 1331
1784393519054 0.2150273323059082 1332
1784393519057 0.2406260371208191 1333
1784393519061 0.22853267192840576 1334
1784393519064 0.20864666998386383 1335
1784393519066 0.2463184893131256 1336
1784393519069 0.2033710777759552 1337
1784393519072 0.1987229734659195 1338
1784393519074 0.24180997908115387 1339
1784393519077 0.25943487882614136 1340
1784393519080 0.2886069118976593 1341
1784393519083 0.3146767020225525 1342
1784393519085 0.21637311577796936 1343
1784393519089 0.2531281113624573 1344
1784393519092 0.25709548592567444 1345
1784393519097 0.3111336827278137 1346
1784393519102 0.2566802501678467 1347
1784393519105 0.3041094243526459 1348
1784393519109 0.24415887892246246 1349
1784393519111 0.26643890142440796 1350
1784393519114 0.31505632400512695 1351
1784393519117 0.18113739788532257 1352
1784393519120 0.34124723076820374 1353
1784393519122 0.3186025321483612 1354
1784393519125 0.265085905790329 1355
1784393519127 0.2491731494665146 1356
1784393519130 0.21153898537158966 1357
1784393519133 0.23348577320575714 1358
1784393519136 0.2588028907775879 1359
1784393519140 0.20012445747852325 1360
1784393519145 0.19246450066566467 1361
1784393519149 0.28422465920448303 1362
1784393519153 0.23713812232017517 1363
1784393519157 0.21651282906532288 1364
1784393519161 0.2423982322216034 1365
1784393519164 0.19138577580451965 1366
1784393519167 0.27003318071365356 1367
1784393519170 0.2172657549381256 1368
1784393519172 0.24485287070274353 1369
1784393519175 0.22065599262714386 1370
1784393519179 0.33101996779441833 1371
1784393519181 0.2763309180736542 1372
1784393519183 0.22396478056907654 1373
1784393519186 0.34026098251342773 1374
1784393519189 0.1919124722480774 1375
1784393519193 0.3433946669101715 1376
1784393519197 0.31939536333084106 1377
1784393519201 0.1887146234512329 1378
1784393519205 0.34744927287101746 1379
1784393519209 0.27983954548835754 1380
1784393519212 0.21418823301792145 1381
1784393519216 0.26477575302124023 1382
1784393519219 0.21296793222427368 1383
1784393519224 0.212885320186615 1384
1784393519229 0.2590743601322174 1385
1784393519232 0.17237408459186554 1386
1784393519236 0.22745589911937714 1387
1784393519238 0.1875988095998764 1388
1784393519241 0.23368801176548004 1389
1784393519244 0.2176210880279541 1390
1784393519247 0.16542203724384308 1391
1784393519249 0.20573729276657104 1392
1784393519252 0.21237748861312866 1393
1784393519254 0.2205316424369812 1394
1784393519257 0.21059080958366394 1395
1784393519260 0.2828921675682068 1396
1784393519264 0.27260223031044006 1397
1784393519268 0.24376921355724335 1398
1784393519272 0.28147581219673157 1399
1784393519275 0.32163044810295105 1400
1784393519279 0.2575717568397522 1401
1784393519282 0.21051844954490662 1402
1784393519285 0.318421334028244 1403
1784393519289 0.22696292400360107 1404
1784393519291 0.31417790055274963 1405
1784393519295 0.292968213558197 1406
1784393519299 0.285659521818161 1407
1784393519302 0.2853701412677765 1408
1784393519306 0.2926403880119324 1409
1784393519310 0.2985459268093109 1410
1784393519314 0.2464887648820877 1411
1784393519317 0.3187483251094818 1412
1784393519321 0.2808281183242798 1413
1784393519325 0.3122047185897827 1414
1784393519331 0.34088465571403503 1415
1784393519335 0.31504571437835693 1416
1784393519339 0.2949128746986389 1417
1784393519341 0.32410624623298645 1418
1784393519344 0.4079124927520752 1419
1784393519346 0.2995416224002838 1420
1784393519350 0.33729660511016846 1421
1784393519352 0.37057822942733765 1422
1784393519355 0.31611794233322144 1423
1784393519358 0.3141995370388031 1424
1784393519361 0.271666556596756 1425
1784393519363 0.36701810359954834 1426
1784393519367 0.2612912654876709 1427
1784393519371 0.2691428065299988 1428
1784393519375 0.3406066298484802 1429
1784393519379 0.26862162351608276 1430
1784393519384 0.2749771177768707 1431
1784393519387 0.22397084534168243 1432
1784393519393 0.20442403852939606 1433
1784393519397 0.21841144561767578 1434
1784393519401 0.22001579403877258 1435
1784393519405 0.23733840882778168 1436
1784393519408 0.1943931132555008 1437
1784393519411 0.20413680374622345 1438
1784393519413 0.1845082938671112 1439
1784393519417 0.27858808636665344 1440
1784393519420 0.22861099243164062 1441
1784393519423 0.26875200867652893 1442
1784393519425 0.29814425110816956 1443
1784393519429 0.2970697283744812 1444
1784393519431 0.32745790481567383 1445
1784393519436 0.23729479312896729 1446
1784393519439 0.30220499634742737 1447
1784393519443 0.33935636281967163 1448
1784393519446 0.28094780445098877 1449
1784393519450 0.22560378909111023 1450
1784393519453 0.3113545775413513 1451
1784393519457 0.22974339127540588 1452
1784393519462 0.2996178865432739 1453
1784393519466 0.2630927860736847 1454
1784393519470 0.2815191149711609 1455
1784393519473 0.36423802375793457 1456
1784393519477 0.27706843614578247 1457
1784393519481 0.26085424423217773 1458
1784393519485 0.3474300503730774 1459
1784393519489 0.26554790139198303 1460
1784393519493 0.30037662386894226 1461
1784393519497 0.4128473997116089 1462
1784393519501 0.280346155166626 1463
1784393519505 0.2861441671848297 1464
1784393519509 0.35349154472351074 1465
1784393519513 0.27248862385749817 1466
1784393519517 0.21321982145309448 1467
1784393519521 0.23848184943199158 1468
1784393519525 0.1739121675491333 1469
1784393519532 0.2972434163093567 1470
1784393519535 0.2653994560241699 1471
1784393519539 0.2202450931072235 1472
1784393519542 0.25543996691703796 1473
1784393519545 0.19860431551933289 1474
1784393519548 0.2468527853488922 1475
1784393519551 0.23071664571762085 1476
1784393519554 0.234928160905838 1477
1784393519557 0.31434720754623413 1478
1784393519559 0.21185961365699768 1479
1784393519562 0.23631936311721802 1480
1784393519565 0.262967973947525 1481
1784393519569 0.2032555341720581 1482
1784393519572 0.21852153539657593 1483
1784393519578 0.2570578157901764 1484
1784393519582 0.2304302603006363 1485
1784393519586 0.2504042983055115 1486
1784393519591 0.2702949047088623 1487
1784393519595 0.22644492983818054 1488
1784393519599 0.2269374430179596 1489
1784393519603 0.2634214758872986 1490
1784393519607 0.2052067518234253 1491
1784393519611 0.24647821485996246 1492
1784393519615 0.2736399471759796 1493
1784393519619 0.30265092849731445 1494
1784393519624 0.31675222516059875 1495
1784393519627 0.24974270164966583 1496
1784393519631 0.3063758611679077 1497
1784393519635 0.40163999795913696 1498
1784393519638 0.3151659071445465 1499
1784393519643 0.24801549315452576 1500
1784393519646 0.2936128079891205 1501
1784393519650 0.2405666559934616 1502
1784393519654 0.2818213105201721 1503
1784393519657 0.252939373254776 1504
1784393519661 0.26269853115081787 1505
1784393519666 0.33097270131111145 1506
1784393519670 0.2062550038099289 1507
1784393519674 0.3267535865306854 1508
1784393519678 0.25370103120803833 1509
1784393519681 0.26287850737571716 1510
1784393519685 0.2819308936595917 1511
1784393519689 0.2427433431148529 1512
1784393519695 0.24679750204086304 1513
1784393519698 0.27931517362594604 1514
1784393519702 0.29059386253356934 1515
1784393519706 0.26829150319099426 1516
1784393519711 0.29913175106048584 1517
1784393519715 0.2953478991985321 1518
1784393519718 0.3467775881290436 1519
1784393519722 0.31698182225227356 1520
1784393519726 0.40889471769332886 1521
1784393519728 0.3120800852775574 1522
1784393519732 0.290236234664917 1523
1784393519735 0.31447461247444153 1524
1784393519739 0.2621564269065857 1525
1784393519743 0.29064688086509705 1526
1784393519747 0.31148985028266907 1527
1784393519751 0.23768208920955658 1528
1784393519755 0.24706816673278809 1529
1784393519758 0.28009214997291565 1530
1784393519763 0.2807859778404236 1531
1784393519766 0.2325824499130249 1532
1784393519770 0.27264851331710815 1533
1784393519773 0.2554228901863098 1534
1784393519779 0.23835022747516632 1535
1784393519782 0.27354326844215393 1536
1784393519786 0.28356075286865234 1537
1784393519789 0.2767888605594635 1538
1784393519793 0.34166789054870605 1539
1784393519796 0.2562982439994812 1540
1784393519799 0.3026079833507538 1541
1784393519803 0.3194795548915863 1542
1784393519806 0.2571727931499481 1543
1784393519810 0.2673714756965637 1544
1784393519813 0.3109162449836731 1545
1784393519816 0.27217525243759155 1546
1784393519820 0.3003680408000946 1547
1784393519824 0.2376776784658432 1548
1784393519827 0.28624776005744934 1549
1784393519831 0.25036436319351196 1550
1784393519834 0.2691599428653717 1551
1784393519838 0.32305654883384705 1552
1784393519843 0.2110365778207779 1553
1784393519847 0.2646440267562866 1554
1784393519852 0.3033197820186615 1555
1784393519856 0.31205445528030396 1556
1784393519859 0.25156456232070923 1557
1784393519862 0.2668279707431793 1558
1784393519865 0.2311444878578186 1559
1784393519868 0.2048228532075882 1560
1784393519872 0.21548527479171753 1561
1784393519875 0.2808868885040283 1562
1784393519878 0.23578405380249023 1563
1784393519881 0.2172451764345169 1564
1784393519884 0.26095062494277954 1565
1784393519887 0.2765686810016632 1566
1784393519891 0.2513290047645569 1567
1784393519895 0.2801536023616791 1568
1784393519898 0.2604615092277527 1569
1784393519902 0.22874672710895538 1570
1784393519905 0.25160008668899536 1571
1784393519909 0.183233380317688 1572
1784393519913 0.2252439260482788 1573
1784393519916 0.20730040967464447 1574
1784393519920 0.23797878623008728 1575
1784393519923 0.274763286113739 1576
1784393519927 0.322050541639328 1577
1784393519931 0.2300618439912796 1578
1784393519934 0.3189094364643097 1579
1784393519938 0.2775976359844208 1580
1784393519942 0.31313368678092957 1581
1784393519945 0.3538416624069214 1582
1784393519949 0.3302196264266968 1583
1784393519953 0.3035798668861389 1584
1784393519957 0.3000124990940094 1585
1784393519960 0.277648389339447 1586
1784393519964 0.3166690468788147 1587
1784393519967 0.21742214262485504 1588
1784393519970 0.2817082703113556 1589
1784393519974 0.2642836272716522 1590
1784393519977 0.2985694110393524 1591
1784393519981 0.2354554533958435 1592
1784393519985 0.2428642213344574 1593
1784393519989 0.3049071729183197 1594
1784393519993 0.2882813811302185 1595
1784393519997 0.25590717792510986 1596
1784393520000 0.3093721270561218 1597
1784393520003 0.29789239168167114 1598
1784393520007 0.23045982420444489 1599
1784393520011 0.22472956776618958 1600
1784393520014 0.23481792211532593 1601
1784393520018 0.2100803554058075 1602
1784393520022 0.23164932429790497 1603
1784393520026 0.2800811231136322 1604
1784393520031 0.24327202141284943 1605
1784393520035 0.2645535469055176 1606
1784393520039 0.23253044486045837 1607
1784393520043 0.21473747491836548 1608
1784393520047 0.20403841137886047 1609
1784393520051 0.18365193903446198 1610
1784393520055 0.20336490869522095 1611
1784393520059 0.26304832100868225 1612
1784393520063 0.21201948821544647 1613
1784393520067 0.23377855122089386 1614
1784393520070 0.2549014985561371 1615
1784393520073 0.2650578022003174 1616
1784393520077 0.27378249168395996 1617
1784393520080 0.2656782269477844 1618
1784393520084 0.3162427842617035 1619
1784393520088 0.30776870250701904 1620
1784393520092 0.2485397607088089 1621
1784393520096 0.27989324927330017 1622
1784393520099 0.2320147305727005 1623
1784393520103 0.3444092571735382 1624
1784393520106 0.25361040234565735 1625
1784393520109 0.26962053775787354 1626
1784393520111 0.24886885285377502 1627
1784393520114 0.30408385396003723 1628
1784393520117 0.23934543132781982 1629
1784393520120 0.23926357924938202 1630
1784393520123 0.27491557598114014 1631
1784393520126 0.23794864118099213 1632
1784393520128 0.26873645186424255 1633
1784393520132 0.2165626734495163 1634
1784393520135 0.16673652827739716 1635
1784393520139 0.21519805490970612 1636
1784393520142 0.2385260909795761 1637
1784393520146 0.18877993524074554 1638
1784393520149 0.27046114206314087 1639
1784393520154 0.18211422860622406 1640
1784393520158 0.27678918838500977 1641
1784393520162 0.22447896003723145 1642
1784393520166 0.20723609626293182 1643
1784393520170 0.22170042991638184 1644
1784393520174 0.1834423989057541 1645
1784393520177 0.2107030749320984 1646
1784393520182 0.2303929328918457 1647
1784393520186 0.17763984203338623 1648
1784393520189 0.18955039978027344 1649
1784393520193 0.26665744185447693 1650
1784393520195 0.21570755541324615 1651
1784393520199 0.24528004229068756 1652
1784393520201 0.22253170609474182 1653
1784393520204 0.17383575439453125 1654
1784393520206 0.21306684613227844 1655
1784393520209 0.20351459085941315 1656
1784393520212 0.20971493422985077 1657
1784393520214 0.19758115708827972 1658
1784393520217 0.15808062255382538 1659
1784393520220 0.22693094611167908 1660
1784393520224 0.24869105219841003 1661
1784393520227 0.1369304209947586 1662
1784393520232 0.23928748071193695 1663
1784393520235 0.2004876583814621 1664
1784393520239 0.1684751659631729 1665
1784393520243 0.2028181403875351 1666
1784393520247 0.15935130417346954 1667
1784393520251 0.2307431846857071 1668
1784393520254 0.19898375868797302 1669
1784393520258 0.26741233468055725 1670
1784393520262 0.19547000527381897 1671
1784393520266 0.28564968705177307 1672
1784393520269 0.3068273067474365 1673
1784393520273 0.2868807911872864 1674
1784393520277 0.28965088725090027 1675
1784393520281 0.3328876495361328 1676
1784393520285 0.40530943870544434 1677
1784393520288 0.25999823212623596 1678
1784393520291 0.3209877014160156 1679
1784393520293 0.3799968659877777 1680
1784393520297 0.2961820363998413 1681
1784393520299 0.25241678953170776 1682
1784393520302 0.3566531538963318 1683
1784393520305 0.2855147123336792 1684
1784393520308 0.3863815367221832 1685
1784393520311 0.26713764667510986 1686
1784393520315 0.36313438415527344 1687
1784393520319 0.39730629324913025 1688
1784393520326 0.4138105809688568 1689
1784393520330 0.339826375246048 1690
1784393520334 0.3239831030368805 1691
1784393520337 0.33005911111831665 1692
1784393520341 0.3555853068828583 1693
1784393520344 0.3173034191131592 1694
1784393520348 0.3439202606678009 1695
1784393520352 0.32092657685279846 1696
1784393520356 0.3425757586956024 1697
1784393520360 0.3199280798435211 1698
1784393520364 0.28705960512161255 1699
1784393520366 0.277445912361145 1700
1784393520370 0.32021695375442505 1701
1784393520373 0.27711063623428345 1702
1784393520377 0.3157101571559906 1703
1784393520380 0.27463865280151367 1704
1784393520383 0.2538868486881256 1705
1784393520385 0.2767765522003174 1706
1784393520388 0.3264325261116028 1707
1784393520390 0.19881394505500793 1708
1784393520394 0.3706652522087097 1709
1784393520398 0.2879981994628906 1710
1784393520403 0.3119133412837982 1711
1784393520407 0.22086693346500397 1712
1784393520412 0.2758036255836487 1713
1784393520416 0.2581152021884918 1714
1784393520420 0.2541704773902893 1715
1784393520424 0.3180971145629883 1716
1784393520427 0.3271491229534149 1717
1784393520431 0.23093107342720032 1718
1784393520435 0.22196468710899353 1719
1784393520439 0.22539663314819336 1720
1784393520442 0.2450474202632904 1721
1784393520446 0.20386725664138794 1722
1784393520449 0.256356805562973 1723
1784393520452 0.20241335034370422 1724
1784393520455 0.22055774927139282 1725
1784393520457 0.28938475251197815 1726
1784393520460 0.1405334323644638 1727
1784393520463 0.226060152053833 1728
1784393520466 0.21241924166679382 1729
1784393520468 0.2281627207994461 1730
1784393520472 0.3309567868709564 1731
1784393520475 0.2890211343765259 1732
1784393520479 0.30372685194015503 1733
1784393520483 0.26160088181495667 1734
1784393520486 0.3139175474643707 1735
1784393520489 0.1749807745218277 1736
1784393520493 0.2976338863372803 1737
1784393520496 0.24497397243976593 1738
1784393520500 0.21594329178333282 1739
1784393520503 0.3061906397342682 1740
1784393520507 0.19669084250926971 1741
1784393520510 0.328380823135376 1742
1784393520513 0.2979109585285187 1743
1784393520517 0.17345236241817474 1744
1784393520520 0.2696474492549896 1745
1784393520524 0.236355260014534 1746
1784393520527 0.2644665837287903 1747
1784393520531 0.36616140604019165 1748
1784393520534 0.27011802792549133 1749
1784393520538 0.32650676369667053 1750
1784393520541 0.21718022227287292 1751
1784393520546 0.2489708960056305 1752
1784393520552 0.23273947834968567 1753
1784393520556 0.22040735185146332 1754
1784393520560 0.1905188262462616 1755
1784393520565 0.24387489259243011 1756
1784393520569 0.23188643157482147 1757
1784393520572 0.2282288372516632 1758
1784393520576 0.21638678014278412 1759
1784393520579 0.23982085287570953 1760
1784393520584 0.1884738802909851 1761
1784393520588 0.1980103999376297 1762
1784393520591 0.2543499767780304 1763
1784393520594 0.15514788031578064 1764
1784393520596 0.20029379427433014 1765
1784393520599 0.17574229836463928 1766
1784393520601 0.14268487691879272 1767
1784393520604 0.17329426109790802 1768
1784393520607 0.16844992339611053 1769
1784393520610 0.18224135041236877 1770
1784393520612 0.20209506154060364 1771
1784393520616 0.18392199277877808 1772
1784393520619 0.21898995339870453 1773
1784393520623 0.3028308153152466 1774
1784393520627 0.23801054060459137 1775
1784393520631 0.247817724943161 1776
1784393520636 0.2592918276786804 1777
1784393520641 0.2805384397506714 1778
1784393520645 0.25437313318252563 1779
1784393520649 0.23643828928470612 1780
1784393520655 0.25118833780288696 1781
1784393520659 0.3362172842025757 1782
1784393520664 0.2392788678407669 1783
1784393520668 0.26347294449806213 1784
1784393520672 0.23452258110046387 1785
1784393520675 0.3032000958919525 1786
1784393520678 0.3178263306617737 1787
1784393520681 0.2810644805431366 1788
1784393520684 0.2182348221540451 1789
1784393520686 0.28080838918685913 1790
1784393520689 0.25462424755096436 1791
1784393520692 0.23734286427497864 1792
1784393520695 0.2468453049659729 1793
1784393520697 0.2189052700996399 1794
1784393520700 0.28406524658203125 1795
1784393520703 0.22803296148777008 1796
1784393520706 0.29774701595306396 1797
1784393520710 0.3030824363231659 1798
1784393520714 0.24588480591773987 1799
1784393520719 0.2866080105304718 1800
1784393520722 0.23182313144207 1801
1784393520726 0.25865793228149414 1802
1784393520731 0.22608250379562378 1803
1784393520735 0.2780113220214844 1804
1784393520739 0.2303602546453476 1805
1784393520743 0.2252732515335083 1806
1784393520746 0.30552518367767334 1807
1784393520750 0.20551393926143646 1808
1784393520753 0.21413330733776093 1809
1784393520757 0.24312521517276764 1810
1784393520760 0.23542194068431854 1811
1784393520764 0.2638733983039856 1812
1784393520767 0.1902501881122589 1813
1784393520771 0.2687377333641052 1814
1784393520774 0.28557997941970825 1815
1784393520778 0.2008545845746994 1816
1784393520781 0.28275901079177856 1817
1784393520784 0.23218432068824768 1818
1784393520787 0.22766274213790894 1819
1784393520790 0.21330559253692627 1820
1784393520793 0.18421795964241028 1821
1784393520795 0.20361880958080292 1822
1784393520798 0.22048798203468323 1823
1784393520800 0.2085159569978714 1824
1784393520803 0.2033349573612213 1825
1784393520806 0.230233833193779 1826
1784393520810 0.22496239840984344 1827
1784393520814 0.20717139542102814 1828
1784393520818 0.2185600847005844 1829
1784393520822 0.2575252652168274 1830
1784393520825 0.18031352758407593 1831
1784393520829 0.17451995611190796 1832
1784393520833 0.2577188313007355 1833
1784393520837 0.19427719712257385 1834
1784393520840 0.2373107522726059 1835
1784393520843 0.24966740608215332 1836
1784393520846 0.20678503811359406 1837
1784393520849 0.3065725862979889 1838
1784393520853 0.3085540533065796 1839
1784393520855 0.20473319292068481 1840
1784393520859 0.28097933530807495 1841
1784393520861 0.26093676686286926 1842
1784393520864 0.2289084643125534 1843
1784393520868 0.3490920960903168 1844
1784393520871 0.26689809560775757 1845
1784393520875 0.33034929633140564 1846
1784393520879 0.34733161330223083 1847
1784393520883 0.21711373329162598 1848
1784393520886 0.27200597524642944 1849
1784393520891 0.25666069984436035 1850
1784393520896 0.3586467504501343 1851
1784393520900 0.3123738765716553 1852
1784393520904 0.2933162748813629 1853
1784393520908 0.31528162956237793 1854
1784393520914 0.25755929946899414 1855
1784393520917 0.31546327471733093 1856
1784393520921 0.26417556405067444 1857
1784393520926 0.3905203938484192 1858
1784393520930 0.2817530632019043 1859
1784393520935 0.2540016770362854 1860
1784393520939 0.288113534450531 1861
1784393520944 0.2485235631465912 1862
1784393520947 0.2683453857898712 1863
1784393520951 0.36215320229530334 1864
1784393520960 0.2822774648666382 1865
1784393520965 0.303876131772995 1866
1784393520969 0.3653739392757416 1867
1784393520973 0.2634183168411255 1868
1784393520977 0.2608528435230255 1869
1784393520981 0.2908993065357208 1870
1784393520985 0.3193344473838806 1871
1784393520990 0.3566628694534302 1872
1784393520993 0.19666342437267303 1873
1784393520998 0.3115161955356598 1874
