1784393521500 23.692481994628906 0
1784393521505 44.2003173828125 1
1784393521509 32.35321807861328 2
1784393521513 18.634408950805664 3
1784393521518 17.00135612487793 4
1784393521522 15.578978538513184 5
1784393521526 13.03407096862793 6
1784393521530 10.633541107177734 7
1784393521534 8.253467559814453 8
1784393521538 7.522183895111084 9
1784393521542 6.563904285430908 10
1784393521546 5.928858757019043 11
1784393521550 6.742805480957031 12
1784393521554 6.131896018981934 13
1784393521558 5.0063796043396 14
1784393521562 5.141241550445557 15
1784393521566 5.24902868270874 16
1784393521570 4.673905372619629 17
1784393521575 4.0486955642700195 18
1784393521579 4.1110148429870605 19
1784393521582 4.028285026550293 20
1784393521586 4.591299057006836 21
1784393521590 3.882298469543457 22
1784393521594 3.6756629943847656 23
1784393521597 3.8873748779296875 24
1784393521601 3.7458608150482178 25
1784393521605 3.104215383529663 26
1784393521608 3.5958871841430664 27
1784393521612 3.3736026287078857 28
1784393521616 3.0722501277923584 29
1784393521620 3.110630989074707 30
1784393521624 3.068204879760742 31
1784393521628 2.7036960124969482 32
1784393521632 2.460965633392334 33
1784393521637 2.7091410160064697 34
1784393521641 2.6059415340423584 35
1784393521645 2.316493511199951 36
1784393521649 2.2908880710601807 37
1784393521653 2.6723427772521973 38
1784393521657 2.2648329734802246 39
1784393521661 1.9267646074295044 40
1784393521664 2.231107234954834 41
1784393521667 1.879805088043213 42
1784393521671 2.1835215091705322 43
1784393521674 2.348912239074707 44
1784393521678 1.7340432405471802 45
1784393521681 1.842421054840088 46
1784393521685 1.7865045070648193 47
1784393521689 1.832394003868103 48
1784393521693 1.5941945314407349 49
1784393521698 1.6882396936416626 50
1784393521701 1.8004459142684937 51
1784393521705 1.746816635131836 52
1784393521709 1.6593714952468872 53
1784393521713 1.7541029453277588 54
1784393521717 1.6444122791290283 55
1784393521721 1.4621587991714478 56
1784393521725 1.5093673467636108 57
1784393521730 1.6091936826705933 58
1784393521733 1.448174238204956 59
1784393521737 1.4467071294784546 60
1784393521740 1.3609319925308228 61
1784393521744 1.4380519390106201 62
1784393521747 1.3931363821029663 63
1784393521752 1.216475486755371 64
1784393521756 1.3428964614868164 65
1784393521759 1.2950167655944824 66
1784393521764 1.5107592344284058 67
1784393521767 1.304304838180542 68
1784393521771 1.2838318347930908 69
1784393521775 1.402797818183899 70
1784393521779 1.375046730041504 71
1784393521783 1.3175063133239746 72
1784393521786 1.2811498641967773 73
1784393521790 1.152000904083252 74
1784393521794 1.2300806045532227 75
1784393521797 1.3713269233703613 76
1784393521801 1.2767313718795776 77
1784393521804 1.1801897287368774 78
1784393521808 1.320365071296692 79
1784393521812 1.2896015644073486 80
1784393521815 1.1525537967681885 81
1784393521819 1.2023533582687378 82
1784393521822 1.292693853378296 83
1784393521826 1.0913794040679932 84
1784393521830 1.2512019872665405 85
1784393521834 1.0956103801727295 86
1784393521837 1.2235724925994873 87
1784393521841 1.2101619243621826 88
1784393521845 1.3805698156356812 89
1784393521850 1.0206921100616455 90
1784393521853 1.3767353296279907 91
1784393521857 0.9165184497833252 92
1784393521861 1.133394479751587 93
1784393521865 1.1380794048309326 94
1784393521869 1.1597610712051392 95
1784393521873 1.048862338066101 96
1784393521877 1.429473638534546 97
1784393521881 1.1099679470062256 98
1784393521885 1.0586174726486206 99
1784393521889 1.2035038471221924 100
1784393521894 1.046730637550354 101
1784393521901 0.9426378011703491 102
1784393521905 0.9876512289047241 103
1784393521909 0.9528484344482422 104
1784393521912 0.9306190013885498 105
1784393521916 1.0765522718429565 106
1784393521919 0.8025612235069275 107
1784393521922 0.9973165988922119 108
1784393521925 0.9155385494232178 109
1784393521928 0.9289400577545166 110
1784393521932 0.8842189311981201 111
1784393521935 0.82233726978302 112
1784393521939 0.7466034889221191 113
1784393521943 0.8983662724494934 114
1784393521947 0.9538061618804932 115
1784393521950 0.9739055037498474 116
1784393521953 0.8436660766601562 117
1784393521957 1.0001616477966309 118
1784393521960 1.0321276187896729 119
1784393521964 0.9037539958953857 120
1784393521968 0.9971421957015991 121
1784393521971 1.0925060510635376 122
1784393521975 0.8008543252944946 123
1784393521978 1.1165623664855957 124
1784393521982 0.9661041498184204 125
1784393521985 1.237737774848938 126
1784393521989 0.9843059778213501 127
1784393521993 0.999269962310791 128
1784393521996 0.8731387853622437 129
1784393522000 0.8556692600250244 130
1784393522003 0.8942901492118835 131
1784393522007 0.8886833190917969 132
1784393522010 1.0198462009429932 133
1784393522014 0.7720293402671814 134
1784393522017 0.9725762605667114 135
1784393522021 0.9222750663757324 136
1784393522024 0.9702199101448059 137
1784393522028 0.8749895095825195 138
1784393522031 0.9981472492218018 139
1784393522034 0.8055433034896851 140
1784393522037 0.8600266575813293 141
1784393522040 0.8467418551445007 142
1784393522044 0.8507938981056213 143
1784393522046 0.7460892200469971 144
1784393522049 1.0061722993850708 145
1784393522052 0.7850735187530518 146
1784393522055 0.9417724609375 147
1784393522058 0.946577787399292 148
1784393522062 0.8414700031280518 149
1784393522067 0.8045413494110107 150
1784393522070 0.7441151738166809 151
1784393522074 0.747853696346283 152
1784393522078 0.7680208683013916 153
1784393522082 0.6384322643280029 154
1784393522086 0.6903405785560608 155
1784393522090 0.6839354038238525 156
1784393522095 0.7321005463600159 157
1784393522099 0.6274659633636475 158
1784393522103 0.6428042650222778 159
1784393522107 0.5472204685211182 160
1784393522111 0.5876032114028931 161
1784393522116 0.7027554512023926 162
1784393522121 0.5901515483856201 163
1784393522125 0.6356337666511536 164
1784393522128 0.6061773300170898 165
1784393522132 0.6324610710144043 166
1784393522135 0.6372179388999939 167
1784393522137 0.590111494064331 168
1784393522140 0.6566277742385864 169
1784393522143 0.5926183462142944 170
1784393522147 0.5957432389259338 171
1784393522149 0.6102443933486938 172
1784393522153 0.6659492254257202 173
1784393522156 0.6181806921958923 174
1784393522162 0.6212677955627441 175
1784393522166 0.6903380751609802 176
1784393522170 0.6495169401168823 177
1784393522173 0.6705459952354431 178
1784393522176 0.6730716824531555 179
1784393522179 0.6334319114685059 180
1784393522182 0.6557474732398987 181
1784393522185 0.6884580850601196 182
1784393522189 0.7767243385314941 183
1784393522192 0.6869179606437683 184
1784393522195 0.6836977005004883 185
1784393522198 0.5441121459007263 186
1784393522202 0.5904797315597534 187
1784393522207 0.6780353784561157 188
1784393522211 0.547141432762146 189
1784393522215 0.8264042139053345 190
1784393522219 0.8719509243965149 191
1784393522223 0.7252355813980103 192
1784393522227 0.6657124757766724 193
1784393522230 0.9555792808532715 194
1784393522235 0.6845630407333374 195
1784393522238 0.6857053637504578 196
1784393522242 0.8882084488868713 197
1784393522246 0.7368664145469666 198
1784393522250 0.8752323985099792 199
1784393522254 0.6130186915397644 200
1784393522257 0.8940357565879822 201
1784393522260 0.6916221380233765 202
1784393522262 0.8915731906890869 203
1784393522265 0.7955524325370789 204
1784393522268 0.5870077013969421 205
1784393522271 0.7635937333106995 206
1784393522275 0.6277586221694946 207
1784393522279 0.753959596157074 208
1784393522282 0.591331958770752 209
1784393522288 0.6358067393302917 210
1784393522292 0.6763888001441956 211
1784393522296 0.6596660614013672 212
1784393522299 0.6814074516296387 213
1784393522303 0.5776495933532715 214
1784393522307 0.6036640405654907 215
1784393522311 0.6503728032112122 216
1784393522314 0.6466649770736694 217
1784393522318 0.5492056012153625 218
1784393522321 0.5875319838523865 219
1784393522325 0.5087528228759766 220
1784393522328 0.514591634273529 221
1784393522331 0.6298506259918213 222
1784393522334 0.623386561870575 223
1784393522337 0.5127601623535156 224
1784393522341 0.7240422368049622 225
1784393522344 0.5941480994224548 226
1784393522348 0.7456699013710022 227
1784393522353 0.5704227685928345 228
1784393522357 0.5847909450531006 229
1784393522361 0.5833472609519958 230
1784393522364 0.5731522440910339 231
1784393522368 0.6831845045089722 232
1784393522372 0.5366761684417725 233
1784393522376 0.6268854737281799 234
1784393522379 0.4966524839401245 235
1784393522383 0.6648798584938049 236
1784393522386 0.5456326007843018 237
1784393522390 0.733538031578064 238
1784393522394 0.5884590148925781 239
1784393522397 0.5696309804916382 240
1784393522402 0.5401760935783386 241
1784393522406 0.5072592496871948 242
1784393522410 0.5534653663635254 243
1784393522414 0.46903613209724426 244
1784393522418 0.5289599895477295 245
1784393522421 0.500257670879364 246
1784393522424 0.45896902680397034 247
1784393522427 0.45807114243507385 248
1784393522431 0.47404158115386963 249
1784393522433 0.48084548115730286 250
1784393522437 0.4128057658672333 251
1784393522439 0.4631342887878418 252
1784393522443 0.4217439293861389 253
1784393522455 0.44637516140937805 254
1784393522458 0.3693270683288574 255
1784393522462 0.49564674496650696 256
1784393522465 0.43897807598114014 257
1784393522468 0.445737361907959 258
1784393522471 0.4022502303123474 259
1784393522474 0.44829103350639343 260
1784393522477 0.4286423921585083 261
1784393522481 0.4793616235256195 262
1784393522484 0.5698183178901672 263
1784393522487 0.4538092315196991 264
1784393522490 0.47970879077911377 265
1784393522495 0.4283559322357178 266
1784393522501 0.5395248532295227 267
1784393522505 0.43987584114074707 268
1784393522510 0.5752786993980408 269
1784393522514 0.5299023389816284 270
1784393522518 0.5724644064903259 271
1784393522523 0.5267332792282104 272
1784393522528 0.4647681713104248 273
1784393522531 0.5332147479057312 274
1784393522534 0.5444412231445312 275
1784393522537 0.6777145862579346 276
1784393522540 0.6563125848770142 277
1784393522542 0.5745123624801636 278
1784393522546 0.5482428073883057 279
1784393522548 0.5648782849311829 280
1784393522552 0.6161960959434509 281
1784393522555 0.5345304012298584 282
1784393522559 0.6402736306190491 283
1784393522563 0.4893953800201416 284
1784393522567 0.7349408268928528 285
1784393522572 0.6037368774414062 286
1784393522576 0.6321362257003784 287
1784393522580 0.45279550552368164 288
1784393522584 0.603827714920044 289
1784393522588 0.5182780623435974 290
1784393522590 0.4669530391693115 291
1784393522593 0.48315322399139404 292
1784393522596 0.49116790294647217 293
1784393522599 0.6081026196479797 294
1784393522602 0.5214203596115112 295
1784393522606 0.5349538922309875 296
1784393522609 0.476571649312973 297
1784393522614 0.48237475752830505 298
1784393522618 0.4747890830039978 299
1784393522622 0.4785703420639038 300
1784393522627 0.39692047238349915 301
1784393522631 0.46358680725097656 302
1784393522635 0.4561353921890259 303
1784393522638 0.47302117943763733 304
1784393522641 0.4352761507034302 305
1784393522644 0.36645394563674927 306
1784393522647 0.40777918696403503 307
1784393522650 0.4319108724594116 308
1784393522652 0.42392683029174805 309
1784393522655 0.4487565755844116 310
1784393522658 0.39376744627952576 311
1784393522661 0.4223141074180603 312
1784393522664 0.24016855657100677 313
1784393522668 0.38894641399383545 314
1784393522672 0.361278235912323 315
1784393522676 0.49268099665641785 316
1784393522679 0.4153066873550415 317
1784393522683 0.42510896921157837 318
1784393522687 0.4011543095111847 319
1784393522691 0.37948620319366455 320
1784393522694 0.4685104489326477 321
1784393522698 0.4145701825618744 322
1784393522701 0.4161189794540405 323
1784393522705 0.4445883333683014 324
1784393522709 0.44427254796028137 325
1784393522712 0.36651331186294556 326
1784393522716 0.4150542616844177 327
1784393522720 0.373298317193985 328
1784393522723 0.43594223260879517 329
1784393522726 0.40518897771835327 330
1784393522730 0.567530632019043 331
1784393522734 0.4229293465614319 332
1784393522736 0.4309389889240265 333
1784393522740 0.43115735054016113 334
1784393522742 0.49131664633750916 335
1784393522745 0.4880552291870117 336
1784393522748 0.34293583035469055 337
1784393522751 0.6163873672485352 338
1784393522755 0.4397468864917755 339
1784393522760 0.5829203724861145 340
1784393522764 0.4353700578212738 341
1784393522768 0.6120685935020447 342
1784393522772 0.3579181432723999 343
1784393522776 0.47155436873435974 344
1784393522780 0.33694934844970703 345
1784393522784 0.44157999753952026 346
1784393522788 0.5150526762008667 347
1784393522791 0.38731756806373596 348
1784393522794 0.571357786655426 349
1784393522797 0.4195489287376404 350
1784393522801 0.5299869179725647 351
1784393522803 0.40505656599998474 352
1784393522807 0.45448094606399536 353
1784393522809 0.32498353719711304 354
1784393522813 0.6636924743652344 355
1784393522817 0.3329901099205017 356
1784393522821 0.5375527739524841 357
1784393522825 0.34035271406173706 358
1784393522829 0.36843326687812805 359
1784393522832 0.4072120785713196 360
1784393522836 0.3397205173969269 361
1784393522840 0.2864387035369873 362
1784393522843 0.4561128318309784 363
1784393522846 0.3552049398422241 364
1784393522850 0.3261300027370453 365
1784393522853 0.4019206464290619 366
1784393522857 0.3329089879989624 367
1784393522860 0.5268063545227051 368
1784393522863 0.3504164218902588 369
1784393522866 0.400220662355423 370
1784393522869 0.2866499423980713 371
1784393522873 0.3242928087711334 372
1784393522877 0.2533431947231293 373
1784393522880 0.30537015199661255 374
1784393522884 0.2971309423446655 375
1784393522887 0.28512269258499146 376
1784393522891 0.30320021510124207 377
1784393522895 0.43378251791000366 378
1784393522899 0.2866550087928772 379
1784393522903 0.42829376459121704 380
1784393522906 0.5197800397872925 381
1784393522910 0.4369855523109436 382
1784393522914 0.5115709900856018 383
1784393522917 0.422447144985199 384
1784393522921 0.7822600603103638 385
1784393522925 0.5757085084915161 386
1784393522928 0.6168955564498901 387
1784393522933 0.7145042419433594 388
1784393522936 0.5018619298934937 389
1784393522940 0.5886775255203247 390
1784393522944 0.417558491230011 391
1784393522947 0.42264440655708313 392
1784393522951 0.4763718247413635 393
1784393522954 0.32963085174560547 394
1784393522957 0.47175487875938416 395
1784393522960 0.4113973081111908 396
1784393522964 0.3859247863292694 397
1784393522967 0.46853190660476685 398
1784393522970 0.4766117334365845 399
1784393522973 0.4047395586967468 400
1784393522976 0.4210350811481476 401
1784393522979 0.46632733941078186 402
1784393522983 0.28605279326438904 403
1784393522988 0.34097763895988464 404
1784393522992 0.3197675943374634 405
1784393522996 0.2884860634803772 406
1784393523000 0.3634294867515564 407
1784393523005 0.316913902759552 408
1784393523008 0.2532840967178345 409
1784393523012 0.3110693395137787 410
1784393523016 0.2333061397075653 411
1784393523020 0.30522826313972473 412
1784393523023 0.23923440277576447 413
1784393523027 0.36193931102752686 414
1784393523030 0.35639458894729614 415
1784393523033 0.2989676296710968 416
1784393523037 0.49762848019599915 417
1784393523041 0.380843847990036 418
1784393523045 0.47263574600219727 419
1784393523049 0.47723132371902466 420
1784393523053 0.3695082664489746 421
1784393523057 0.4963032603263855 422
1784393523060 0.3854106664657593 423
1784393523063 0.6244671940803528 424
1784393523066 0.48487526178359985 425
1784393523069 0.5550466775894165 426
1784393523072 0.4254053831100464 427
1784393523075 0.7428357005119324 428
1784393523078 0.4995794892311096 429
1784393523081 0.6881818771362305 430
1784393523084 0.725766122341156 431
1784393523088 0.4323672354221344 432
1784393523092 0.6194139719009399 433
1784393523096 0.3204813599586487 434
1784393523101 0.5406965017318726 435
1784393523106 0.41110244393348694 436
1784393523111 0.5575857162475586 437
1784393523114 0.36915507912635803 438
1784393523118 0.5452967286109924 439
1784393523122 0.3203548491001129 440
1784393523127 0.6194890737533569 441
1784393523130 0.5134687423706055 442
1784393523133 0.4622797667980194 443
1784393523136 0.4754674434661865 444
1784393523140 0.51197350025177 445
1784393523142 0.45937737822532654 446
1784393523145 0.4157792329788208 447
1784393523148 0.4210715889930725 448
1784393523151 0.3793082535266876 449
1784393523154 0.3477467894554138 450
1784393523157 0.3741256892681122 451
1784393523161 0.3359210789203644 452
1784393523165 0.3392687737941742 453
1784393523169 0.305808961391449 454
1784393523172 0.3872877359390259 455
1784393523177 0.4241085350513458 456
1784393523181 0.39623531699180603 457
1784393523186 0.4541622996330261 458
1784393523190 0.4082784354686737 459
1784393523194 0.3896389603614807 460
1784393523197 0.36451518535614014 461
1784393523201 0.49123135209083557 462
1784393523205 0.32466989755630493 463
1784393523209 0.45212313532829285 464
1784393523214 0.37167179584503174 465
1784393523218 0.5087742805480957 466
1784393523222 0.36708933115005493 467
1784393523225 0.4280746281147003 468
1784393523228 0.39298439025878906 469
1784393523231 0.3595595061779022 470
1784393523234 0.3219655752182007 471
1784393523238 0.3459835350513458 472
1784393523241 0.4132714867591858 473
1784393523244 0.32277143001556396 474
1784393523247 0.3583860993385315 475
1784393523251 0.3398413360118866 476
1784393523254 0.3376026153564453 477
1784393523259 0.3801342248916626 478
1784393523265 0.38636794686317444 479
1784393523270 0.28976085782051086 480
1784393523274 0.3285216987133026 481
1784393523277 0.36577320098876953 482
1784393523282 0.42562466859817505 483
1784393523286 0.43195000290870667 484
1784393523290 0.4208392798900604 485
1784393523295 0.6003348231315613 486
1784393523299 0.481239914894104 487
1784393523304 0.5562586188316345 488
1784393523307 0.46318089962005615 489
1784393523311 0.42322850227355957 490
1784393523313 0.49503201246261597 491
1784393523318 0.307610422372818 492
1784393523322 0.40960824489593506 493
1784393523325 0.34090450406074524 494
1784393523328 0.3170712888240814 495
1784393523331 0.2870078682899475 496
1784393523334 0.36009323596954346 497
1784393523337 0.3302440345287323 498
1784393523341 0.2965449392795563 499
1784393523345 0.2918025553226471 500
1784393523349 0.35804179310798645 501
1784393523354 0.3815246820449829 502
1784393523357 0.3240918219089508 503
1784393523361 0.29119938611984253 504
1784393523365 0.2918471693992615 505
1784393523369 0.2828516364097595 506
1784393523374 0.3495728373527527 507
1784393523377 0.22285161912441254 508
1784393523381 0.34839582443237305 509
1784393523385 0.3531446158885956 510
1784393523388 0.3177262246608734 511
1784393523392 0.2759566009044647 512
1784393523395 0.2685640752315521 513
1784393523397 0.36248236894607544 514
1784393523401 0.27655503153800964 515
1784393523403 0.25858718156814575 516
1784393523407 0.2372131496667862 517
1784393523409 0.30047231912612915 518
1784393523412 0.25108814239501953 519
1784393523416 0.2658059597015381 520
1784393523421 0.2995184659957886 521
1784393523425 0.25420600175857544 522
1784393523429 0.3092605173587799 523
1784393523433 0.2845005691051483 524
1784393523437 0.4548487365245819 525
1784393523441 0.27270424365997314 526
1784393523445 0.31962430477142334 527
1784393523448 0.4170469641685486 528
1784393523452 0.44509488344192505 529
1784393523455 0.39172276854515076 530
1784393523458 0.3820234537124634 531
1784393523461 0.31837356090545654 532
1784393523464 0.3084997534751892 533
1784393523467 0.36275580525398254 534
1784393523469 0.3372828960418701 535
1784393523472 0.3492499887943268 536
1784393523475 0.28437232971191406 537
1784393523478 0.20468121767044067 538
1784393523482 0.2568454146385193 539
1784393523485 0.21135570108890533 540
1784393523489 0.2421540915966034 541
1784393523493 0.21253231167793274 542
1784393523497 0.24676373600959778 543
1784393523501 0.22330617904663086 544
1784393523505 0.2663736343383789 545
1784393523508 0.24904181063175201 546
1784393523514 0.2961459159851074 547
1784393523517 0.260102778673172 548
1784393523521 0.16901728510856628 549
1784393523525 0.24961210787296295 550
1784393523529 0.1804848611354828 551
1784393523531 0.27281391620635986 552
1784393523535 0.22340914607048035 553
1784393523538 0.2411269247531891 554
1784393523541 0.24773575365543365 555
1784393523544 0.20799696445465088 556
1784393523547 0.2641349732875824 557
1784393523550 0.4736536145210266 558
1784393523554 0.37005093693733215 559
1784393523557 0.5270459651947021 560
1784393523561 0.4209420680999756 561
1784393523565 0.507156252861023 562
1784393523568 0.527829647064209 563
1784393523571 0.42494720220565796 564
1784393523575 0.3370387554168701 565
1784393523579 0.43434709310531616 566
1784393523583 0.41646793484687805 567
1784393523587 0.44892942905426025 568
1784393523590 0.3254286050796509 569
1784393523594 0.43724387884140015 570
1784393523597 0.4043005406856537 571
1784393523601 0.41909122467041016 572
1784393523605 0.3442552089691162 573
1784393523608 0.4277867078781128 574
1784393523612 0.41225239634513855 575
1784393523616 0.36714163422584534 576
1784393523619 0.3274601101875305 577
1784393523623 0.3344101309776306 578
1784393523626 0.2521578073501587 579
1784393523629 0.3215698003768921 580
1784393523632 0.2574446201324463 581
1784393523635 0.3178309500217438 582
1784393523639 0.34444689750671387 583
1784393523642 0.22317126393318176 584
1784393523645 0.301498681306839 585
1784393523648 0.23366966843605042 586
1784393523651 0.254947304725647 587
1784393523655 0.22070546448230743 588
1784393523659 0.26862090826034546 589
1784393523663 0.18208390474319458 590
1784393523667 0.2844995856285095 591
1784393523672 0.22474220395088196 592
1784393523676 0.27973121404647827 593
1784393523680 0.237300306558609 594
1784393523683 0.3727690279483795 595
1784393523688 0.30575963854789734 596
1784393523692 0.3354097008705139 597
1784393523696 0.31967872381210327 598
1784393523700 0.30315619707107544 599
1784393523705 0.37100115418434143 600
1784393523710 0.3129368722438812 601
1784393523715 0.49220940470695496 602
1784393523719 0.3777312934398651 603
1784393523723 0.4063606262207031 604
1784393523727 0.33031466603279114 605
1784393523730 0.4133102595806122 606
1784393523734 0.3922768831253052 607
1784393523738 0.3576459288597107 608
1784393523742 0.4467986226081848 609
1784393523745 0.4959610104560852 610
1784393523748 0.36653050780296326 611
1784393523752 0.3385583162307739 612
1784393523754 0.3489200174808502 613
1784393523757 0.2761894762516022 614
1784393523760 0.3019479513168335 615
1784393523763 0.21819713711738586 616
1784393523766 0.3190910220146179 617
1784393523769 0.3336886167526245 618
1784393523772 0.23471304774284363 619
1784393523777 0.2995052933692932 620
1784393523780 0.22406786680221558 621
1784393523784 0.2528834342956543 622
1784393523788 0.2830762565135956 623
1784393523792 0.2099909782409668 624
1784393523795 0.1963333934545517 625
1784393523799 0.23745165765285492 626
1784393523804 0.17249327898025513 627
1784393523808 0.2231133133172989 628
1784393523812 0.259939581155777 629
1784393523816 0.21518604457378387 630
1784393523820 0.2705686092376709 631
1784393523824 0.27753946185112 632
1784393523828 0.3033827543258667 633
1784393523832 0.29524824023246765 634
1784393523835 0.22512002289295197 635
1784393523839 0.2443133145570755 636
1784393523843 0.24392065405845642 637
1784393523847 0.20213496685028076 638
1784393523851 0.19400222599506378 639
1784393523854 0.2755436897277832 640
1784393523857 0.24851201474666595 641
1784393523860 0.23246216773986816 642
1784393523863 0.24285227060317993 643
1784393523865 0.2260347604751587 644
1784393523869 0.2201961725950241 645
1784393523871 0.2243487685918808 646
1784393523875 0.291824609041214 647
1784393523878 0.18991892039775848 648
1784393523882 0.26454710960388184 649
1784393523886 0.21965302526950836 650
1784393523890 0.33386871218681335 651
1784393523894 0.24747654795646667 652
1784393523898 0.3880287706851959 653
1784393523902 0.27531516551971436 654
1784393523906 0.40871483087539673 655
1784393523911 0.31841546297073364 656
1784393523915 0.3409048318862915 657
1784393523919 0.2608448266983032 658
1784393523922 0.3625740110874176 659
1784393523926 0.31032538414001465 660
1784393523931 0.31469032168388367 661
1784393523934 0.2658715844154358 662
1784393523938 0.22590985894203186 663
1784393523942 0.3703443109989166 664
1784393523946 0.2366117238998413 665
1784393523950 0.2460332214832306 666
1784393523954 0.24502211809158325 667
1784393523958 0.2073977142572403 668
1784393523961 0.18555499613285065 669
1784393523965 0.2323809266090393 670
1784393523967 0.2465623915195465 671
1784393523971 0.2554386258125305 672
1784393523973 0.253070592880249 673
1784393523976 0.4158172905445099 674
1784393523979 0.2753012478351593 675
1784393523982 0.625554621219635 676
1784393523985 0.4943028688430786 677
1784393523988 0.43104127049446106 678
1784393523991 0.5391724705696106 679
1784393523995 0.3584144711494446 680
1784393524000 0.4353034794330597 681
1784393524003 0.39908432960510254 682
1784393524007 0.42531466484069824 683
1784393524011 0.298640638589859 684
1784393524015 0.44150471687316895 685
1784393524019 0.27558818459510803 686
1784393524022 0.28776100277900696 687
1784393524026 0.273495614528656 688
1784393524029 0.27326539158821106 689
1784393524033 0.2591657340526581 690
1784393524036 0.27713948488235474 691
1784393524039 0.3062804341316223 692
1784393524042 0.21958334743976593 693
1784393524046 0.33452779054641724 694
1784393524049 0.2207733690738678 695
1784393524052 0.38062769174575806 696
1784393524055 0.3106369078159332 697
1784393524058 0.30755311250686646 698
1784393524061 0.2629535496234894 699
1784393524065 0.2920088469982147 700
1784393524069 0.1852160543203354 701
1784393524072 0.3499801754951477 702
1784393524076 0.20871439576148987 703
1784393524079 0.49006325006484985 704
1784393524083 0.341946005821228 705
1784393524088 0.5064703226089478 706
1784393524092 0.4239926338195801 707
1784393524097 0.39166098833084106 708
1784393524101 0.46308964490890503 709
1784393524104 0.23595532774925232 710
1784393524108 0.3043181598186493 711
1784393524112 0.3030524253845215 712
1784393524116 0.2521466016769409 713
1784393524120 0.25194817781448364 714
1784393524124 0.29188379645347595 715
1784393524127 0.2729030251502991 716
1784393524130 0.20840401947498322 717
1784393524133 0.4033922851085663 718
1784393524136 0.26094236969947815 719
1784393524139 0.4336146116256714 720
1784393524142 0.24673998355865479 721
1784393524145 0.4585265517234802 722
1784393524148 0.26886001229286194 723
1784393524151 0.5782140493392944 724
1784393524154 0.454982727766037 725
1784393524159 0.4062471389770508 726
1784393524164 0.5604183673858643 727
1784393524169 0.3525072932243347 728
1784393524173 0.4164928197860718 729
1784393524176 0.35183218121528625 730
1784393524180 0.4406605362892151 731
1784393524183 0.25649094581604004 732
1784393524186 0.5596784353256226 733
1784393524189 0.42558014392852783 734
1784393524192 0.37129926681518555 735
1784393524195 0.3873929977416992 736
1784393524198 0.3398030996322632 737
1784393524201 0.5054906010627747 738
1784393524204 0.3017214834690094 739
1784393524207 0.3928525447845459 740
1784393524210 0.3128521740436554 741
1784393524214 0.37373408675193787 742
1784393524218 0.2178564816713333 743
1784393524222 0.29070207476615906 744
1784393524226 0.1675155758857727 745
1784393524231 0.22249287366867065 746
1784393524234 0.22733737528324127 747
1784393524238 0.24192935228347778 748
1784393524241 0.18229703605175018 749
1784393524246 0.291490763425827 750
1784393524250 0.2061791718006134 751
1784393524253 0.24104487895965576 752
1784393524257 0.237687349319458 753
1784393524261 0.25372809171676636 754
1784393524264 0.24876171350479126 755
1784393524268 0.2106378972530365 756
1784393524271 0.19894491136074066 757
1784393524275 0.2808609902858734 758
1784393524278 0.247987762093544 759
1784393524284 0.24661630392074585 760
1784393524288 0.35851651430130005 761
1784393524291 0.2430768758058548 762
1784393524295 0.3823753893375397 763
1784393524299 0.2470405399799347 764
1784393524303 0.3777536451816559 765
1784393524307 0.24433273077011108 766
1784393524311 0.41312968730926514 767
1784393524317 0.34969592094421387 768
1784393524321 0.329444020986557 769
1784393524325 0.31117531657218933 770
1784393524327 0.2997955083847046 771
1784393524330 0.35122618079185486 772
1784393524333 0.29548296332359314 773
1784393524336 0.3165726661682129 774
1784393524338 0.269103467464447 775
1784393524342 0.35206151008605957 776
1784393524344 0.3017100989818573 777
1784393524348 0.27459749579429626 778
1784393524352 0.37855416536331177 779
1784393524356 0.22322657704353333 780
1784393524361 0.5274255871772766 781
1784393524366 0.45836660265922546 782
1784393524370 0.33677923679351807 783
1784393524374 0.4655909240245819 784
1784393524378 0.2835911512374878 785
1784393524381 0.3592267632484436 786
1784393524386 0.3351728320121765 787
1784393524390 0.41310611367225647 788
1784393524395 0.23984937369823456 789
1784393524399 0.4523887634277344 790
1784393524403 0.26463091373443604 791
1784393524407 0.47584742307662964 792
1784393524412 0.352521151304245 793
1784393524416 0.34951460361480713 794
1784393524419 0.4578796923160553 795
1784393524422 0.2932380437850952 796
1784393524425 0.32424888014793396 797
1784393524428 0.25518304109573364 798
1784393524432 0.32500818371772766 799
1784393524434 0.28386160731315613 800
1784393524438 0.39395034313201904 801
1784393524440 0.27677127718925476 802
1784393524444 0.31370311975479126 803
1784393524447 0.3258439898490906 804
1784393524451 0.3530876934528351 805
1784393524455 0.2275398224592209 806
1784393524459 0.18371200561523438 807
1784393524463 0.28636711835861206 808
1784393524467 0.2571328282356262 809
1784393524470 0.1949234902858734 810
1784393524475 0.24469289183616638 811
1784393524479 0.27441278100013733 812
1784393524483 0.2188192754983902 813
1784393524487 0.21758203208446503 814
1784393524491 0.23087871074676514 815
1784393524495 0.19724920392036438 816
1784393524499 0.24449871480464935 817
1784393524502 0.20509564876556396 818
1784393524506 0.18939238786697388 819
1784393524510 0.2162160873413086 820
1784393524514 0.2764102518558502 821
1784393524518 0.16261260211467743 822
1784393524522 0.2531549036502838 823
1784393524526 0.2841240167617798 824
1784393524530 0.1912447214126587 825
1784393524535 0.2786533832550049 826
1784393524538 0.2392885833978653 827
1784393524541 0.31723639369010925 828
1784393524544 0.2907937169075012 829
1784393524547 0.29056766629219055 830
1784393524549 0.2025994509458542 831
1784393524552 0.21717673540115356 832
1784393524555 0.3265228271484375 833
1784393524558 0.18277816474437714 834
1784393524561 0.2193675935268402 835
1784393524563 0.28443965315818787 836
1784393524567 0.17722931504249573 837
1784393524571 0.21478582918643951 838
1784393524576 0.2501085102558136 839
1784393524580 0.15516749024391174 840
1784393524585 0.2614240348339081 841
1784393524589 0.2195899486541748 842
1784393524593 0.24418270587921143 843
1784393524596 0.24068328738212585 844
1784393524601 0.21622779965400696 845
1784393524604 0.25884854793548584 846
1784393524608 0.2261517196893692 847
1784393524612 0.24916835129261017 848
1784393524616 0.21877062320709229 849
1784393524621 0.2814709544181824 850
1784393524624 0.26144319772720337 851
1784393524628 0.21448495984077454 852
1784393524631 0.21777762472629547 853
1784393524635 0.23419895768165588 854
1784393524639 0.17579695582389832 855
1784393524642 0.24903535842895508 856
1784393524646 0.20759598910808563 857
1784393524650 0.19131611287593842 858
1784393524653 0.26080647110939026 859
1784393524657 0.24833400547504425 860
1784393524661 0.2215513288974762 861
1784393524664 0.22681927680969238 862
1784393524669 0.2501034140586853 863
1784393524673 0.23495320975780487 864
1784393524678 0.25155431032180786 865
1784393524682 0.25778692960739136 866
1784393524686 0.28057146072387695 867
1784393524691 0.31490573287010193 868
1784393524696 0.24991406500339508 869
1784393524700 0.3355746567249298 870
1784393524704 0.2839055359363556 871
1784393524708 0.34028831124305725 872
1784393524711 0.2913166880607605 873
1784393524715 0.322700172662735 874
1784393524719 0.31823205947875977 875
1784393524723 0.25579965114593506 876
1784393524726 0.23955127596855164 877
1784393524729 0.2994672954082489 878
1784393524732 0.2773059606552124 879
1784393524735 0.1707465797662735 880
1784393524738 0.27926021814346313 881
1784393524742 0.2804776430130005 882
1784393524745 0.23745940625667572 883
1784393524748 0.2697939872741699 884
1784393524750 0.22980524599552155 885
1784393524754 0.1772788166999817 886
1784393524757 0.21483734250068665 887
1784393524761 0.2569177448749542 888
1784393524766 0.29197797179222107 889
1784393524771 0.22406846284866333 890
1784393524774 0.36638084053993225 891
1784393524778 0.3043544590473175 892
1784393524782 0.2604209780693054 893
1784393524788 0.238961324095726 894
1784393524793 0.21910680830478668 895
1784393524797 0.29994285106658936 896
1784393524801 0.22895249724388123 897
1784393524806 0.2800776958465576 898
1784393524810 0.19315169751644135 899
1784393524815 0.3619455099105835 900
1784393524821 0.24717019498348236 901
1784393524825 0.3705383837223053 902
1784393524828 0.40007030963897705 903
1784393524833 0.38164713978767395 904
1784393524837 0.20075449347496033 905
1784393524842 0.30257290601730347 906
1784393524846 0.20760788023471832 907
1784393524850 0.2772584855556488 908
1784393524855 0.23719820380210876 909
1784393524858 0.28180113434791565 910
1784393524861 0.22189182043075562 911
1784393524864 0.2680443525314331 912
1784393524867 0.2767195999622345 913
1784393524872 0.22996677458286285 914
1784393524887 0.1600017547607422 915
1784393524890 0.21387501060962677 916
1784393524894 0.2067413479089737 917
1784393524898 0.14463843405246735 918
1784393524903 0.21501117944717407 919
1784393524907 0.1939520239830017 920
1784393524911 0.2309180498123169 921
1784393524915 0.3234397768974304 922
1784393524919 0.26070737838745117 923
1784393524923 0.24299469590187073 924
1784393524927 0.3319510221481323 925
1784393524931 0.2541334629058838 926
1784393524935 0.3322834074497223 927
1784393524939 0.3904353380203247 928
1784393524942 0.3985666036605835 929
1784393524946 0.19504116475582123 930
1784393524949 0.36608830094337463 931
1784393524952 0.32610616087913513 932
1784393524955 0.3535521328449249 933
1784393524958 0.2560778260231018 934
1784393524961 0.3075728416442871 935
1784393524964 0.23166775703430176 936
1784393524967 0.3511350154876709 937
1784393524970 0.2017604410648346 938
1784393524974 0.4471941292285919 939
1784393524980 0.39715373516082764 940
1784393524984 0.32970136404037476 941
1784393524989 0.348080575466156 942
1784393524993 0.32729896903038025 943
1784393524997 0.4022057056427002 944
1784393525001 0.3116196095943451 945
1784393525005 0.4443610906600952 946
1784393525009 0.2681986391544342 947
1784393525014 0.41838136315345764 948
1784393525018 0.27933135628700256 949
1784393525022 0.40679964423179626 950
1784393525025 0.5448814034461975 951
1784393525030 0.23226389288902283 952
1784393525035 0.4150133728981018 953
1784393525039 0.26616984605789185 954
1784393525043 0.3759778141975403 955
1784393525047 0.412108838558197 956
1784393525051 0.34001630544662476 957
1784393525055 0.4479926526546478 958
1784393525059 0.24855780601501465 959
1784393525062 0.3894015848636627 960
1784393525065 0.31622710824012756 961
1784393525069 0.3181079626083374 962
1784393525072 0.26305845379829407 963
1784393525076 0.3982865810394287 964
1784393525079 0.36801114678382874 965
1784393525082 0.1795566827058792 966
1784393525085 0.332174688577652 967
1784393525089 0.2855451703071594 968
1784393525092 0.338384211063385 969
1784393525096 0.3807481527328491 970
1784393525100 0.2546589970588684 971
1784393525104 0.2702430188655853 972
1784393525108 0.2814759314060211 973
1784393525113 0.300787091255188 974
1784393525116 0.18064935505390167 975
1784393525120 0.2865121066570282 976
1784393525123 0.22136856615543365 977
1784393525127 0.29661962389945984 978
1784393525131 0.20719531178474426 979
1784393525134 0.294430673122406 980
1784393525138 0.20863933861255646 981
1784393525142 0.15929439663887024 982
1784393525146 0.28989410400390625 983
1784393525151 0.20850643515586853 984
1784393525155 0.32059067487716675 985
1784393525159 0.27069181203842163 986
1784393525164 0.24825002253055573 987
1784393525167 0.1958843171596527 988
1784393525170 0.3496575355529785 989
1784393525173 0.2597675919532776 990
1784393525177 0.3764718472957611 991
1784393525180 0.3238748610019684 992
1784393525183 0.3095347583293915 993
1784393525186 0.3677895665168762 994
1784393525189 0.21588535606861115 995
1784393525192 0.2668757736682892 996
1784393525195 0.17797735333442688 997
1784393525199 0.37951725721359253 998
1784393525204 0.23410433530807495 999
1784393525209 0.3216298222541809 1000
1784393525213 0.2345162332057953 1001
1784393525217 0.31847476959228516 1002
1784393525221 0.2391354739665985 1003
1784393525225 0.2738266587257385 1004
1784393525229 0.23825646936893463 1005
1784393525232 0.17648553848266602 1006
1784393525236 0.3062174618244171 1007
1784393525241 0.27588361501693726 1008
1784393525245 0.2554504871368408 1009
1784393525249 0.23272638022899628 1010
1784393525253 0.2708417475223541 1011
1784393525259 0.17494261264801025 1012
1784393525263 0.2526332139968872 1013
1784393525267 0.3092067837715149 1014
1784393525272 0.205435648560524 1015
1784393525277 0.2770107388496399 1016
1784393525280 0.2611368000507355 1017
1784393525285 0.2554546594619751 1018
1784393525289 0.2577352821826935 1019
1784393525292 0.3000645935535431 1020
1784393525295 0.1848006248474121 1021
1784393525299 0.24542275071144104 1022
1784393525301 0.2891339659690857 1023
1784393525305 0.19554468989372253 1024
1784393525309 0.2529875636100769 1025
1784393525312 0.29574906826019287 1026
1784393525315 0.24950255453586578 1027
1784393525319 0.2206028699874878 1028
1784393525323 0.2503344714641571 1029
1784393525328 0.2239585965871811 1030
1784393525333 0.22658444941043854 1031
1784393525336 0.23810768127441406 1032
1784393525340 0.1925278902053833 1033
1784393525344 0.19101712107658386 1034
1784393525348 0.22997519373893738 1035
1784393525352 0.22867287695407867 1036
1784393525356 0.2797905206680298 1037
1784393525360 0.18821683526039124 1038
1784393525364 0.23180437088012695 1039
1784393525368 0.2823973298072815 1040
1784393525373 0.2615818679332733 1041
1784393525377 0.27182045578956604 1042
1784393525381 0.22685275971889496 1043
1784393525384 0.2369944006204605 1044
1784393525387 0.2975935935974121 1045
1784393525390 0.24632158875465393 1046
1784393525392 0.2608688473701477 1047
1784393525396 0.26290473341941833 1048
1784393525398 0.2243240922689438 1049
1784393525401 0.2341567575931549 1050
1784393525404 0.2943047881126404 1051
1784393525407 0.20598465204238892 1052
1784393525410 0.20020022988319397 1053
1784393525414 0.2215992659330368 1054
1784393525418 0.18538275361061096 1055
1784393525423 0.21273034811019897 1056
1784393525428 0.24878305196762085 1057
1784393525432 0.17048099637031555 1058
1784393525436 0.19954796135425568 1059
1784393525440 0.22612226009368896 1060
1784393525444 0.25091734528541565 1061
1784393525449 0.17970213294029236 1062
1784393525453 0.2077491730451584 1063
1784393525457 0.19981680810451508 1064
1784393525461 0.17623478174209595 1065
1784393525465 0.22498372197151184 1066
1784393525469 0.1518506109714508 1067
1784393525473 0.16592226922512054 1068
1784393525477 0.175847589969635 1069
1784393525480 0.16052335500717163 1070
1784393525483 0.14032283425331116 1071
1784393525487 0.15440118312835693 1072
1784393525489 0.16260689496994019 1073
1784393525492 0.13889849185943604 1074
1784393525495 0.17581306397914886 1075
1784393525498 0.18006744980812073 1076
1784393525501 0.1364171802997589 1077
1784393525504 0.19314302504062653 1078
1784393525508 0.16048991680145264 1079
1784393525512 0.17415525019168854 1080
1784393525517 0.2259271740913391 1081
1784393525521 0.16008108854293823 1082
1784393525526 0.18361814320087433 1083
1784393525531 0.16383783519268036 1084
1784393525536 0.20891711115837097 1085
1784393525540 0.15676012635231018 1086
1784393525544 0.1338423490524292 1087
1784393525548 0.17223073542118073 1088
1784393525553 0.19428372383117676 1089
1784393525557 0.18034228682518005 1090
1784393525561 0.19284875690937042 1091
1784393525566 0.1839887797832489 1092
1784393525570 0.12495866417884827 1093
1784393525574 0.16754309833049774 1094
1784393525578 0.21864065527915955 1095
1784393525581 0.12931865453720093 1096
1784393525585 0.23153391480445862 1097
1784393525589 0.2728422284126282 1098
1784393525592 0.13743436336517334 1099
1784393525597 0.18170493841171265 1100
1784393525602 0.20899179577827454 1101
1784393525605 0.16712254285812378 1102
1784393525610 0.1768956035375595 1103
1784393525614 0.3097034990787506 1104
1784393525618 0.16914868354797363 1105
1784393525622 0.23789091408252716 1106
1784393525625 0.18365846574306488 1107
1784393525629 0.11507582664489746 1108
1784393525633 0.22627121210098267 1109
1784393525637 0.1617208570241928 1110
1784393525641 0.22260411083698273 1111
1784393525644 0.2143690437078476 1112
1784393525647 0.17473776638507843 1113
1784393525649 0.22662454843521118 1114
1784393525652 0.16352662444114685 1115
1784393525656 0.2080240696668625 1116
1784393525659 0.1871672421693802 1117
1784393525661 0.13875919580459595 1118
1784393525664 0.2228480875492096 1119
1784393525667 0.15973590314388275 1120
1784393525671 0.1822611540555954 1121
1784393525675 0.16147059202194214 1122
1784393525680 0.11836349964141846 1123
1784393525684 0.17994388937950134 1124
1784393525687 0.15075621008872986 1125
1784393525693 0.14142657816410065 1126
1784393525696 0.11931879818439484 1127
1784393525701 0.1620500385761261 1128
1784393525705 0.21592651307582855 1129
1784393525708 0.15312530100345612 1130
1784393525712 0.23037773370742798 1131
1784393525715 0.1623522937297821 1132
1784393525719 0.19220663607120514 1133
1784393525722 0.2867938280105591 1134
1784393525725 0.2563839852809906 1135
1784393525728 0.22083574533462524 1136
1784393525731 0.26130831241607666 1137
1784393525734 0.23469045758247375 1138
1784393525737 0.22957998514175415 1139
1784393525740 0.1825133115053177 1140
1784393525744 0.18998925387859344 1141
1784393525748 0.22054724395275116 1142
1784393525752 0.14226630330085754 1143
1784393525756 0.3232402205467224 1144
1784393525760 0.2741025686264038 1145
1784393525764 0.25975897908210754 1146
1784393525767 0.16910745203495026 1147
1784393525771 0.30380862951278687 1148
1784393525774 0.31502848863601685 1149
1784393525777 0.17386460304260254 1150
1784393525780 0.22623291611671448 1151
1784393525783 0.21909701824188232 1152
1784393525786 0.20607790350914001 1153
1784393525789 0.2346305400133133 1154
1784393525792 0.16204726696014404 1155
1784393525795 0.20073163509368896 1156
1784393525799 0.27553316950798035 1157
1784393525803 0.27865666151046753 1158
1784393525807 0.17712968587875366 1159
1784393525810 0.21114066243171692 1160
1784393525814 0.2318071722984314 1161
1784393525819 0.2102389931678772 1162
1784393525823 0.18447668850421906 1163
1784393525826 0.21290376782417297 1164
1784393525831 0.18359127640724182 1165
1784393525836 0.13192056119441986 1166
1784393525840 0.1675950437784195 1167
1784393525843 0.22204440832138062 1168
1784393525847 0.19717498123645782 1169
1784393525852 0.16176481544971466 1170
1784393525858 0.1454593539237976 1171
1784393525862 0.17635756731033325 1172
1784393525866 0.18357211351394653 1173
1784393525869 0.14023412764072418 1174
1784393525872 0.1612357348203659 1175
1784393525875 0.24806247651576996 1176
1784393525878 0.2165123075246811 1177
1784393525881 0.13854166865348816 1178
1784393525883 0.23622727394104004 1179
1784393525886 0.25777679681777954 1180
1784393525889 0.20690834522247314 1181
1784393525892 0.1692020446062088 1182
1784393525895 0.26215964555740356 1183
1784393525900 0.18268544971942902 1184
1784393525904 0.2238699495792389 1185
1784393525907 0.2488492727279663 1186
1784393525911 0.21225781738758087 1187
1784393525914 0.2198142558336258 1188
1784393525918 0.2251763641834259 1189
1784393525922 0.23345397412776947 1190
1784393525927 0.27145060896873474 1191
1784393525931 0.23995663225650787 1192
1784393525935 0.16638997197151184 1193
1784393525939 0.3026364743709564 1194
1784393525942 0.2796928286552429 1195
1784393525945 0.1939210295677185 1196
1784393525949 0.24524900317192078 1197
1784393525954 0.2719757556915283 1198
1784393525957 0.26150432229042053 1199
1784393525962 0.22677266597747803 1200
1784393525965 0.22248253226280212 1201
1784393525968 0.2414586842060089 1202
1784393525971 0.22366993129253387 1203
1784393525974 0.1966436803340912 1204
1784393525977 0.1938191056251526 1205
1784393525980 0.1836090385913849 1206
1784393525983 0.18417921662330627 1207
1784393525986 0.17483946681022644 1208
1784393525988 0.13805361092090607 1209
1784393525992 0.15806730091571808 1210
1784393525994 0.2137344479560852 1211
1784393525997 0.13255833089351654 1212
1784393526000 0.14193354547023773 1213
1784393526003 0.16571927070617676 1214
1784393526007 0.12853381037712097 1215
1784393526011 0.1382836401462555 1216
1784393526015 0.1429886519908905 1217
1784393526018 0.14988864958286285 1218
1784393526023 0.21180425584316254 1219
1784393526026 0.1564602106809616 1220
1784393526032 0.24135637283325195 1221
1784393526035 0.2279042750597 1222
1784393526039 0.2573920488357544 1223
1784393526043 0.18727727234363556 1224
1784393526047 0.32363542914390564 1225
1784393526051 0.18758916854858398 1226
1784393526054 0.34399035573005676 1227
1784393526058 0.3158811628818512 1228
1784393526062 0.35068196058273315 1229
1784393526065 0.25081345438957214 1230
1784393526068 0.28178778290748596 1231
1784393526072 0.3899275064468384 1232
1784393526075 0.14263202250003815 1233
1784393526079 0.3356575667858124 1234
1784393526082 0.2392514944076538 1235
1784393526085 0.3033098876476288 1236
1784393526088 0.2642063796520233 1237
1784393526090 0.31704121828079224 1238
1784393526093 0.32120293378829956 1239
1784393526096 0.16919419169425964 1240
1784393526099 0.29583972692489624 1241
1784393526101 0.2033257782459259 1242
1784393526104 0.2293216437101364 1243
1784393526107 0.17016084492206573 1244
1784393526110 0.2577335834503174 1245
1784393526114 0.1384706199169159 1246
1784393526120 0.16295549273490906 1247
1784393526123 0.19337382912635803 1248
1784393526127 0.15724623203277588 1249
1784393526131 0.15069761872291565 1250
1784393526135 0.19232967495918274 1251
1784393526139 0.12114259600639343 1252
1784393526143 0.18319515883922577 1253
1784393526146 0.16247119009494781 1254
1784393526150 0.12298500537872314 1255
1784393526154 0.17063307762145996 1256
1784393526157 0.12178337574005127 1257
1784393526159 0.24120402336120605 1258
1784393526162 0.18557825684547424 1259
1784393526164 0.18547867238521576 1260
1784393526167 0.20443159341812134 1261
1784393526169 0.16994526982307434 1262
1784393526172 0.2094525694847107 1263
1784393526175 0.22536097466945648 1264
1784393526178 0.25000137090682983 1265
1784393526180 0.23018279671669006 1266
1784393526184 0.24676474928855896 1267
1784393526188 0.19116179645061493 1268
1784393526192 0.21959282457828522 1269
1784393526197 0.20586203038692474 1270
1784393526200 0.2262677401304245 1271
1784393526204 0.19130784273147583 1272
1784393526206 0.2684395909309387 1273
1784393526209 0.23715539276599884 1274
1784393526212 0.24828284978866577 1275
1784393526215 0.22497767210006714 1276
1784393526218 0.23509818315505981 1277
1784393526221 0.17732766270637512 1278
1784393526223 0.3459126353263855 1279
1784393526226 0.18703073263168335 1280
1784393526229 0.3020719587802887 1281
1784393526233 0.2850988507270813 1282
1784393526237 0.27170199155807495 1283
1784393526241 0.13646507263183594 1284
1784393526246 0.249597430229187 1285
1784393526249 0.17046600580215454 1286
1784393526254 0.254789263010025 1287
1784393526258 0.15363790094852448 1288
1784393526262 0.25785139203071594 1289
1784393526265 0.153522327542305 1290
1784393526269 0.2152450531721115 1291
1784393526272 0.165534108877182 1292
1784393526275 0.255363404750824 1293
1784393526277 0.1963444948196411 1294
1784393526280 0.25812315940856934 1295
1784393526283 0.21532781422138214 1296
1784393526286 0.2606216073036194 1297
1784393526289 0.33286312222480774 1298
1784393526291 0.16939261555671692 1299
1784393526295 0.2634018659591675 1300
1784393526299 0.22051982581615448 1301
1784393526304 0.22529494762420654 1302
1784393526308 0.16788330674171448 1303
1784393526313 0.2495749294757843 1304
1784393526317 0.18517065048217773 1305
1784393526321 0.26809850335121155 1306
1784393526325 0.26102280616760254 1307
1784393526329 0.22321100533008575 1308
1784393526333 0.1708783209323883 1309
1784393526337 0.2371060699224472 1310
1784393526340 0.2712629735469818 1311
1784393526344 0.18840043246746063 1312
1784393526348 0.1844255030155182 1313
1784393526352 0.189326211810112 1314
1784393526356 0.20302525162696838 1315
1784393526361 0.22627724707126617 1316
1784393526365 0.1704655885696411 1317
1784393526369 0.1675838679075241 1318
1784393526372 0.19284510612487793 1319
1784393526375 0.15165629982948303 1320
1784393526378 0.1717742681503296 1321
1784393526381 0.19311228394508362 1322
1784393526383 0.13469621539115906 1323
1784393526386 0.14705869555473328 1324
1784393526388 0.13426178693771362 1325
1784393526392 0.1336013376712799 1326
1784393526394 0.1626526415348053 1327
1784393526397 0.13529826700687408 1328
1784393526401 0.1582532674074173 1329
1784393526405 0.1352037787437439 1330
1784393526409 0.14735107123851776 1331
1784393526412 0.1882515400648117 1332
1784393526415 0.12935708463191986 1333
1784393526419 0.19676661491394043 1334
1784393526423 0.16247884929180145 1335
1784393526428 0.1555638313293457 1336
1784393526431 0.174321711063385 1337
1784393526435 0.17509253323078156 1338
1784393526441 0.25605708360671997 1339
1784393526445 0.23293381929397583 1340
1784393526448 0.19572103023529053 1341
1784393526451 0.17714577913284302 1342
1784393526454 0.18698786199092865 1343
1784393526457 0.1214636042714119 1344
1784393526459 0.1881919503211975 1345
1784393526462 0.16978494822978973 1346
1784393526465 0.11522150039672852 1347
1784393526467 0.15887674689292908 1348
1784393526470 0.17873138189315796 1349
1784393526473 0.09918409585952759 1350
1784393526476 0.1844939887523651 1351
1784393526482 0.1345643848180771 1352
1784393526485 0.13971590995788574 1353
1784393526490 0.16027216613292694 1354
1784393526495 0.14084066450595856 1355
1784393526500 0.11204836517572403 1356
1784393526504 0.18558672070503235 1357
1784393526508 0.22406423091888428 1358
1784393526514 0.15788087248802185 1359
1784393526518 0.17591717839241028 1360
1784393526521 0.15817630290985107 1361
1784393526525 0.1888412982225418 1362
1784393526528 0.14854085445404053 1363
1784393526531 0.16100731492042542 1364
1784393526534 0.17273208498954773 1365
1784393526537 0.13546869158744812 1366
1784393526540 0.1530505269765854 1367
1784393526543 0.18027549982070923 1368
1784393526546 0.14699289202690125 1369
1784393526551 0.14207231998443604 1370
1784393526555 0.13933728635311127 1371
1784393526559 0.1325097680091858 1372
1784393526563 0.1637905240058899 1373
1784393526567 0.2012280970811844 1374
1784393526571 0.1396825611591339 1375
1784393526574 0.13806690275669098 1376
1784393526578 0.17873677611351013 1377
1784393526582 0.12040762603282928 1378
1784393526586 0.13057036697864532 1379
1784393526589 0.1398991346359253 1380
1784393526593 0.09344381093978882 1381
1784393526596 0.12433254718780518 1382
1784393526599 0.08674460649490356 1383
1784393526602 0.14093829691410065 1384
1784393526604 0.13364720344543457 1385
1784393526607 0.1392560601234436 1386
1784393526610 0.16144098341464996 1387
1784393526613 0.13953647017478943 1388
1784393526617 0.1947743445634842 1389
1784393526620 0.14740902185440063 1390
1784393526624 0.14324802160263062 1391
1784393526627 0.14083123207092285 1392
1784393526633 0.17618459463119507 1393
1784393526637 0.17658688127994537 1394
1784393526641 0.13633845746517181 1395
1784393526645 0.1428259313106537 1396
1784393526649 0.1610254943370819 1397
1784393526652 0.11621211469173431 1398
1784393526656 0.13111791014671326 1399
1784393526659 0.11548959463834763 1400
1784393526663 0.13327792286872864 1401
1784393526667 0.09066065400838852 1402
1784393526671 0.12883631885051727 1403
1784393526673 0.13019029796123505 1404
1784393526676 0.11973875761032104 1405
1784393526679 0.12229345738887787 1406
1784393526682 0.11118272691965103 1407
1784393526684 0.14552591741085052 1408
1784393526687 0.11648666858673096 1409
1784393526689 0.15388444066047668 1410
1784393526692 0.13229259848594666 1411
1784393526695 0.1804814636707306 1412
1784393526699 0.15052253007888794 1413
1784393526703 0.17007799446582794 1414
1784393526707 0.13983123004436493 1415
1784393526712 0.1857868880033493 1416
1784393526716 0.14613370597362518 1417
1784393526719 0.12230150401592255 1418
1784393526723 0.17139774560928345 1419
1784393526726 0.152900829911232 1420
1784393526729 0.15500646829605103 1421
1784393526732 0.16094417870044708 1422
1784393526735 0.1459629088640213 1423
1784393526738 0.13833272457122803 1424
1784393526740 0.13590997457504272 1425
1784393526743 0.13490842282772064 1426
1784393526746 0.16624736785888672 1427
1784393526750 0.12174133211374283 1428
1784393526755 0.12283612787723541 1429
1784393526758 0.10129667818546295 1430
1784393526763 0.14545512199401855 1431
1784393526766 0.17780958116054535 1432
1784393526770 0.11112795025110245 1433
1784393526775 0.16971734166145325 1434
1784393526779 0.13036388158798218 1435
1784393526783 0.1440548449754715 1436
1784393526786 0.17431285977363586 1437
1784393526790 0.12048710137605667 1438
1784393526793 0.13694381713867188 1439
1784393526797 0.13107985258102417 1440
1784393526800 0.15219388902187347 1441
1784393526804 0.15578188002109528 1442
1784393526806 0.13256429135799408 1443
1784393526810 0.15539981424808502 1444
1784393526812 0.14745956659317017 1445
1784393526815 0.1551317721605301 1446
1784393526818 0.13647021353244781 1447
1784393526821 0.1674528867006302 1448
1784393526824 0.12450120598077774 1449
1784393526826 0.18303513526916504 1450
1784393526829 0.18166790902614594 1451
1784393526833 0.22667375206947327 1452
1784393526836 0.12942945957183838 1453
1784393526841 0.2648910582065582 1454
1784393526844 0.22035330533981323 1455
1784393526848 0.16560499370098114 1456
1784393526852 0.22830867767333984 1457
1784393526857 0.2765597403049469 1458
1784393526860 0.2756520211696625 1459
1784393526864 0.1770092099905014 1460
1784393526867 0.22355632483959198 1461
1784393526870 0.2735323905944824 1462
1784393526872 0.2944090962409973 1463
1784393526876 0.18406705558300018 1464
1784393526878 0.21343275904655457 1465
1784393526882 0.2460605502128601 1466
1784393526884 0.22661712765693665 1467
1784393526887 0.19786715507507324 1468
1784393526889 0.19862234592437744 1469
1784393526892 0.19893796741962433 1470
1784393526897 0.18280281126499176 1471
1784393526901 0.17554497718811035 1472
1784393526904 0.18551883101463318 1473
1784393526908 0.1965615153312683 1474
1784393526912 0.1182798519730568 1475
1784393526916 0.15410253405570984 1476
1784393526920 0.11708556115627289 1477
1784393526924 0.15911343693733215 1478
1784393526928 0.15132690966129303 1479
1784393526932 0.13384075462818146 1480
1784393526937 0.15421909093856812 1481
1784393526941 0.10494871437549591 1482
1784393526945 0.16964194178581238 1483
1784393526948 0.12949837744235992 1484
1784393526953 0.11175357550382614 1485
1784393526957 0.1796131730079651 1486
1784393526962 0.13507135212421417 1487
1784393526966 0.18386399745941162 1488
1784393526969 0.14148961007595062 1489
1784393526973 0.19510716199874878 1490
1784393526977 0.13672539591789246 1491
1784393526981 0.1774679571390152 1492
1784393526984 0.12311962991952896 1493
1784393526989 0.14569494128227234 1494
1784393526993 0.17939306795597076 1495
1784393526997 0.14658808708190918 1496
1784393527000 0.1631186306476593 1497
1784393527004 0.1619405448436737 1498
1784393527007 0.15686997771263123 1499
1784393527010 0.13224077224731445 1500
1784393527012 0.16729433834552765 1501
1784393527016 0.15707921981811523 1502
1784393527018 0.22714225947856903 1503
1784393527021 0.16626398265361786 1504
1784393527024 0.17658859491348267 1505
1784393527027 0.14313994348049164 1506
1784393527030 0.11619016528129578 1507
1784393527034 0.15576067566871643 1508
1784393527038 0.14121881127357483 1509
1784393527042 0.13060937821865082 1510
1784393527047 0.13831008970737457 1511
1784393527052 0.10313533246517181 1512
1784393527055 0.14180779457092285 1513
1784393527059 0.11735733598470688 1514
1784393527063 0.129841148853302 1515
1784393527067 0.14571426808834076 1516
1784393527071 0.1172231137752533 1517
1784393527076 0.12028838694095612 1518
1784393527080 0.0911087915301323 1519
1784393527083 0.13308024406433105 1520
1784393527087 0.13224664330482483 1521
1784393527090 0.09585459530353546 1522
1784393527093 0.174839049577713 1523
1784393527097 0.1495632827281952 1524
1784393527100 0.16488546133041382 1525
1784393527103 0.1469520777463913 1526
1784393527107 0.1380511224269867 1527
1784393527109 0.13677790760993958 1528
1784393527113 0.125131756067276 1529
1784393527115 0.1572781652212143 1530
1784393527119 0.14422261714935303 1531
1784393527122 0.10097244381904602 1532
1784393527126 0.13810528814792633 1533
1784393527130 0.12554574012756348 1534
1784393527134 0.08894044160842896 1535
1784393527138 0.20079655945301056 1536
1784393527141 0.15501242876052856 1537
1784393527146 0.12961390614509583 1538
1784393527150 0.1343681365251541 1539
1784393527153 0.13830643892288208 1540
1784393527158 0.12315645068883896 1541
1784393527161 0.13658113777637482 1542
1784393527165 0.08167030662298203 1543
1784393527169 0.1097463071346283 1544
1784393527172 0.09652698785066605 1545
1784393527175 0.08982858806848526 1546
1784393527179 0.12646056711673737 1547
1784393527183 0.10262873768806458 1548
1784393527187 0.12205427139997482 1549
1784393527191 0.16363978385925293 1550
1784393527194 0.10928341001272202 1551
1784393527197 0.17016610503196716 1552
1784393527201 0.1206708773970604 1553
1784393527205 0.20311546325683594 1554
1784393527208 0.1582043468952179 1555
1784393527211 0.23595838248729706 1556
1784393527214 0.21510134637355804 1557
1784393527217 0.18234439194202423 1558
1784393527219 0.2160937488079071 1559
1784393527222 0.13383109867572784 1560
1784393527225 0.17542731761932373 1561
1784393527228 0.17187289893627167 1562
1784393527231 0.12188949435949326 1563
1784393527235 0.15363110601902008 1564
1784393527239 0.15288397669792175 1565
1784393527243 0.1740788072347641 1566
1784393527247 0.15387389063835144 1567
1784393527251 0.14264115691184998 1568
1784393527254 0.17727437615394592 1569
1784393527259 0.1702858954668045 1570
1784393527263 0.12836354970932007 1571
1784393527266 0.13980229198932648 1572
1784393527270 0.12289851903915405 1573
1784393527274 0.10121957957744598 1574
1784393527278 0.09977404028177261 1575
1784393527281 0.11682656407356262 1576
1784393527284 0.1470455676317215 1577
1784393527286 0.0979071855545044 1578
1784393527289 0.11599693447351456 1579
1784393527291 0.1286989152431488 1580
1784393527294 0.12971541285514832 1581
1784393527297 0.11931044608354568 1582
1784393527300 0.11480004340410233 1583
1784393527302 0.15863136947155 1584
1784393527306 0.14356623589992523 1585
1784393527315 0.1035732626914978 1586
1784393527319 0.14176081120967865 1587
1784393527322 0.11681364476680756 1588
1784393527327 0.12674535810947418 1589
1784393527331 0.1145353689789772 1590
1784393527335 0.13761545717716217 1591
1784393527339 0.11356210708618164 1592
1784393527342 0.11900027096271515 1593
1784393527346 0.1181977316737175 1594
1784393527349 0.13544902205467224 1595
1784393527353 0.1318933665752411 1596
1784393527356 0.11958752572536469 1597
1784393527360 0.12131550163030624 1598
1784393527364 0.16712787747383118 1599
1784393527368 0.20926021039485931 1600
1784393527371 0.14690004289150238 1601
1784393527375 0.17997579276561737 1602
1784393527378 0.20432612299919128 1603
1784393527381 0.13857212662696838 1604
1784393527383 0.154227152466774 1605
1784393527386 0.18354728817939758 1606
1784393527388 0.12436845898628235 1607
1784393527391 0.16182741522789001 1608
1784393527394 0.14630764722824097 1609
1784393527397 0.1667480170726776 1610
1784393527400 0.1485958993434906 1611
1784393527405 0.1169227659702301 1612
1784393527409 0.14062711596488953 1613
1784393527413 0.14217111468315125 1614
1784393527418 0.18967564404010773 1615
1784393527422 0.13333486020565033 1616
1784393527426 0.1914442777633667 1617
1784393527431 0.13514116406440735 1618
1784393527435 0.1315738558769226 1619
1784393527440 0.1609482318162918 1620
1784393527443 0.11817046999931335 1621
1784393527447 0.1250537931919098 1622
1784393527453 0.17283108830451965 1623
1784393527456 0.1235404908657074 1624
1784393527462 0.11033748090267181 1625
1784393527466 0.14353333413600922 1626
1784393527469 0.13851042091846466 1627
1784393527474 0.11309503018856049 1628
1784393527478 0.13295505940914154 1629
1784393527482 0.1365414559841156 1630
1784393527486 0.1063617616891861 1631
1784393527489 0.10637693852186203 1632
1784393527493 0.1471620351076126 1633
1784393527496 0.10484003275632858 1634
1784393527500 0.1589050441980362 1635
1784393527504 0.11068733036518097 1636
1784393527508 0.188947394490242 1637
1784393527511 0.13328063488006592 1638
1784393527515 0.15931664407253265 1639
1784393527519 0.09491978585720062 1640
1784393527523 0.14018972218036652 1641
1784393527527 0.1288406252861023 1642
1784393527532 0.09636157751083374 1643
1784393527536 0.17628228664398193 1644
1784393527539 0.16773808002471924 1645
1784393527543 0.17153841257095337 1646
1784393527548 0.15116174519062042 1647
1784393527553 0.21619893610477448 1648
1784393527557 0.13963505625724792 1649
1784393527562 0.24090145528316498 1650
1784393527567 0.2515972852706909 1651
1784393527572 0.1718132346868515 1652
1784393527576 0.31491202116012573 1653
1784393527580 0.13566087186336517 1654
1784393527585 0.28927192091941833 1655
1784393527590 0.23685161769390106 1656
1784393527595 0.1579894721508026 1657
1784393527599 0.20962081849575043 1658
1784393527603 0.12618014216423035 1659
1784393527606 0.18620997667312622 1660
1784393527610 0.10476534813642502 1661
1784393527613 0.1336614042520523 1662
1784393527617 0.1302451491355896 1663
1784393527620 0.12507258355617523 1664
1784393527624 0.09403178095817566 1665
1784393527627 0.09097461402416229 1666
1784393527631 0.12396948039531708 1667
1784393527635 0.1027640774846077 1668
1784393527639 0.14593380689620972 1669
1784393527643 0.10908663272857666 1670
1784393527648 0.19746829569339752 1671
1784393527652 0.14444562792778015 1672
1784393527656 0.1556353121995926 1673
1784393527660 0.18921343982219696 1674
1784393527665 0.1410948783159256 1675
1784393527669 0.1748608499765396 1676
1784393527673 0.152840718626976 1677
1784393527676 0.1516304910182953 1678
1784393527680 0.132328063249588 1679
1784393527684 0.1489526480436325 1680
1784393527688 0.12409864366054535 1681
1784393527691 0.1287841796875 1682
1784393527695 0.12656420469284058 1683
1784393527700 0.17550598084926605 1684
1784393527703 0.13114607334136963 1685
1784393527707 0.14350900053977966 1686
1784393527709 0.10338853299617767 1687
1784393527713 0.15260770916938782 1688
1784393527715 0.10437215119600296 1689
1784393527719 0.1307341307401657 1690
1784393527721 0.12875458598136902 1691
1784393527724 0.12052490562200546 1692
1784393527727 0.10590125620365143 1693
1784393527731 0.10655998438596725 1694
1784393527733 0.07323689013719559 1695
1784393527737 0.08901208639144897 1696
1784393527741 0.07749669998884201 1697
1784393527745 0.07850772142410278 1698
1784393527748 0.08688554167747498 1699
1784393527752 0.1504654437303543 1700
1784393527757 0.11720425635576248 1701
1784393527761 0.12464883178472519 1702
1784393527765 0.11857244372367859 1703
1784393527768 0.13639646768569946 1704
1784393527772 0.13715708255767822 1705
1784393527775 0.17558345198631287 1706
1784393527778 0.16541948914527893 1707
1784393527781 0.14831513166427612 1708
1784393527784 0.1328146755695343 1709
1784393527786 0.09865140914916992 1710
1784393527789 0.11640209704637527 1711
1784393527792 0.10187246650457382 1712
1784393527795 0.1125662550330162 1713
1784393527798 0.12563060224056244 1714
1784393527802 0.14638875424861908 1715
1784393527806 0.10866906493902206 1716
1784393527810 0.0986548662185669 1717
1784393527813 0.09441930800676346 1718
1784393527817 0.08475367724895477 1719
1784393527821 0.1407376378774643 1720
1784393527824 0.09948886930942535 1721
1784393527828 0.09745996445417404 1722
1784393527832 0.13448506593704224 1723
1784393527836 0.07676690816879272 1724
1784393527841 0.11272690445184708 1725
1784393527844 0.12711866199970245 1726
1784393527848 0.09772850573062897 1727
1784393527850 0.11406959593296051 1728
1784393527853 0.0970357283949852 1729
1784393527855 0.06553887575864792 1730
1784393527859 0.1018478125333786 1731
1784393527861 0.09585115313529968 1732
1784393527865 0.08516614139080048 1733
1784393527868 0.1075386255979538 1734
1784393527872 0.09176120907068253 1735
1784393527876 0.09211345762014389 1736
1784393527880 0.08260422199964523 1737
1784393527884 0.0865468978881836 1738
1784393527888 0.08887366205453873 1739
1784393527891 0.09858245402574539 1740
1784393527895 0.10132162272930145 1741
1784393527899 0.08449378609657288 1742
1784393527903 0.10325445979833603 1743
1784393527907 0.11742238700389862 1744
1784393527911 0.08659481257200241 1745
1784393527914 0.09697748720645905 1746
1784393527918 0.12010836601257324 1747
1784393527921 0.07943041622638702 1748
1784393527924 0.089947909116745 1749
1784393527927 0.08420314639806747 1750
1784393527929 0.1286926567554474 1751
1784393527932 0.11765678972005844 1752
1784393527935 0.11531823873519897 1753
1784393527939 0.10291951149702072 1754
1784393527942 0.1307498812675476 1755
1784393527945 0.11511576175689697 1756
1784393527948 0.1265183389186859 1757
1784393527952 0.0830194428563118 1758
1784393527957 0.1311391443014145 1759
1784393527961 0.10585685074329376 1760
1784393527964 0.1436135172843933 1761
1784393527968 0.10923216491937637 1762
1784393527973 0.13201561570167542 1763
1784393527977 0.10871069133281708 1764
1784393527981 0.12558592855930328 1765
1784393527987 0.08053214102983475 1766
1784393527991 0.12109136581420898 1767
1784393527995 0.12550944089889526 1768
1784393527999 0.14217445254325867 1769
1784393528002 0.14466077089309692 1770
1784393528006 0.11642203480005264 1771
1784393528011 0.13413900136947632 1772
1784393528015 0.15262576937675476 1773
1784393528018 0.08401671051979065 1774
1784393528022 0.1401803344488144 1775
1784393528026 0.12791399657726288 1776
1784393528029 0.08992905169725418 1777
1784393528033 0.11273875087499619 1778
1784393528036 0.12240532040596008 1779
1784393528039 0.13305345177650452 1780
1784393528042 0.10528572648763657 1781
1784393528045 0.11854229867458344 1782
1784393528048 0.1476186364889145 1783
1784393528051 0.13078443706035614 1784
1784393528054 0.09792604297399521 1785
1784393528058 0.15681833028793335 1786
1784393528062 0.12083164602518082 1787
1784393528066 0.11153578013181686 1788
1784393528069 0.1388309895992279 1789
1784393528073 0.12912404537200928 1790
1784393528077 0.1291622668504715 1791
1784393528081 0.12359333038330078 1792
1784393528085 0.11458087712526321 1793
1784393528089 0.11806964874267578 1794
1784393528093 0.0969039797782898 1795
1784393528097 0.08343417942523956 1796
1784393528100 0.08345721662044525 1797
1784393528104 0.10607390105724335 1798
1784393528108 0.10177542269229889 1799
1784393528111 0.08034830540418625 1800
1784393528114 0.1271345019340515 1801
1784393528118 0.12125808745622635 1802
1784393528122 0.07799496501684189 1803
1784393528125 0.11998698115348816 1804
1784393528128 0.10349083691835403 1805
1784393528132 0.10864579677581787 1806
1784393528136 0.10579291731119156 1807
1784393528140 0.1147875189781189 1808
1784393528145 0.14668522775173187 1809
1784393528150 0.1217116042971611 1810
1784393528155 0.12834998965263367 1811
1784393528159 0.12321135401725769 1812
1784393528162 0.08096563816070557 1813
1784393528166 0.11745280027389526 1814
1784393528170 0.1075761616230011 1815
1784393528173 0.10325596481561661 1816
1784393528177 0.1074039489030838 1817
1784393528181 0.08596928417682648 1818
1784393528184 0.09899148344993591 1819
1784393528187 0.10537921637296677 1820
1784393528191 0.11353100091218948 1821
1784393528194 0.08721999824047089 1822
1784393528198 0.08063995093107224 1823
1784393528202 0.08931805193424225 1824
1784393528206 0.1177687793970108 1825
1784393528210 0.07983143627643585 1826
1784393528214 0.1359553337097168 1827
1784393528218 0.12097740173339844 1828
1784393528220 0.08434945344924927 1829
1784393528223 0.13777771592140198 1830
1784393528226 0.13379067182540894 1831
1784393528229 0.11350492388010025 1832
1784393528231 0.14121265709400177 1833
1784393528234 0.11658205091953278 1834
1784393528237 0.13369561731815338 1835
1784393528240 0.15302199125289917 1836
1784393528243 0.16740787029266357 1837
1784393528246 0.10349664837121964 1838
1784393528250 0.1145346462726593 1839
1784393528254 0.109746553003788 1840
1784393528258 0.09086756408214569 1841
1784393528261 0.1306670755147934 1842
1784393528265 0.10905906558036804 1843
1784393528269 0.10582433640956879 1844
1784393528272 0.10555477440357208 1845
1784393528276 0.10423362255096436 1846
1784393528280 0.12700825929641724 1847
1784393528283 0.12950189411640167 1848
1784393528287 0.10092601925134659 1849
1784393528291 0.13699498772621155 1850
1784393528295 0.1392924189567566 1851
1784393528298 0.13158902525901794 1852
1784393528302 0.12829121947288513 1853
1784393528305 0.15251211822032928 1854
1784393528309 0.13635346293449402 1855
1784393528313 0.11849566549062729 1856
1784393528317 0.10282612591981888 1857
1784393528321 0.08981329947710037 1858
1784393528324 0.10755939036607742 1859
1784393528327 0.06227214261889458 1860
1784393528329 0.08871695399284363 1861
1784393528333 0.0706745833158493 1862
1784393528335 0.08894981443881989 1863
1784393528339 0.09416516125202179 1864
1784393528342 0.08925363421440125 1865
1784393528345 0.1073712632060051 1866
1784393528348 0.08922459930181503 1867
1784393528352 0.07834575325250626 1868
1784393528356 0.11589284986257553 1869
1784393528360 0.09722230583429337 1870
1784393528364 0.07775019854307175 1871
1784393528369 0.13942313194274902 1872
1784393528372 0.10955677926540375 1873
1784393528376 0.11759413778781891 1874
