1784394273874 0.09944999999998343 0
1784394277551 0.0998333333333167 1
1784394281417 0.09901666666665017 2
1784394285178 0.09984999999998337 3
1784394288933 0.10238333333331627 4
1784394292811 0.10148333333331643 5
1784394296671 0.1004333333333166 6
1784394300343 0.09811666666665032 7
1784394304041 0.09913333333331682 8
1784394307978 0.09993333333331668 9
1784394311768 0.10118333333331647 10
1784394315565 0.09649999999998392 11
1784394319363 0.10226666666664963 12
1784394323189 0.09948333333331676 13
1784394326857 0.10094999999998318 14
1784394330590 0.0994166666666501 15
1784394334303 0.10154999999998308 16
1784394338070 0.09858333333331691 17
1784394341790 0.09838333333331695 18
1784394345470 0.09974999999998338 19
1784394349181 0.10076666666664988 20
1784394352920 0.10068333333331655 21
1784394356598 0.09759999999998374 22
1784394360327 0.09943333333331676 23
1784394364042 0.10076666666664988 24
1784394367787 0.09986666666665003 25
1784394371523 0.09944999999998343 26
1784394375247 0.09953333333331675 27
1784394378959 0.09999999999998334 28
1784394382670 0.09989999999998335 29
