1784394392452 24.043851852416992 0
1784394392455 58.5378303527832 1
1784394392459 30.361068725585938 2
1784394392461 11.935802459716797 3
1784394392464 11.783256530761719 4
1784394392467 10.308074951171875 5
1784394392470 9.452613830566406 6
1784394392473 9.45631217956543 7
1784394392475 7.289114952087402 8
1784394392478 6.235491752624512 9
1784394392481 7.0183186531066895 10
1784394392484 6.625283241271973 11
1784394392486 5.468609809875488 12
1784394392489 4.764017105102539 13
1784394392492 4.313312530517578 14
1784394392495 4.168727874755859 15
1784394392498 4.359743595123291 16
1784394392502 4.0418009757995605 17
1784394392505 4.515835285186768 18
1784394392508 3.2905423641204834 19
1784394392510 2.9256772994995117 20
1784394392513 3.6190969944000244 21
1784394392516 3.2285289764404297 22
1784394392519 2.6744978427886963 23
1784394392521 2.891148090362549 24
1784394392523 2.6623308658599854 25
1784394392526 2.784289836883545 26
1784394392536 2.246645927429199 27
1784394392539 2.062601327896118 28
1784394392542 2.2796976566314697 29
1784394392545 1.9968167543411255 30
1784394392548 1.9774466753005981 31
1784394392551 2.116283416748047 32
1784394392554 1.9422099590301514 33
1784394392556 1.9701738357543945 34
1784394392559 1.6454347372055054 35
1784394392562 1.703061819076538 36
1784394392564 1.9101239442825317 37
1784394392568 1.6987473964691162 38
1784394392570 1.540407657623291 39
1784394392573 1.6033704280853271 40
1784394392576 1.7443057298660278 41
1784394392578 1.6060434579849243 42
1784394392581 1.5942515134811401 43
1784394392585 1.7192230224609375 44
1784394392588 1.4512094259262085 45
1784394392591 1.3236827850341797 46
1784394392593 1.5502994060516357 47
1784394392596 1.627284049987793 48
1784394392599 1.4395811557769775 49
1784394392601 1.4619120359420776 50
1784394392604 1.3470407724380493 51
1784394392606 1.5516589879989624 52
1784394392609 1.396728515625 53
1784394392611 1.7172186374664307 54
1784394392613 1.702812671661377 55
1784394392617 1.7997238636016846 56
1784394392619 1.3766535520553589 57
1784394392622 1.755008339881897 58
1784394392625 1.4835313558578491 59
1784394392628 1.2517411708831787 60
1784394392631 1.5737199783325195 61
1784394392633 1.0687248706817627 62
1784394392636 1.4375698566436768 63
1784394392639 1.1941848993301392 64
1784394392642 1.4119486808776855 65
1784394392644 1.308998465538025 66
1784394392647 1.1355056762695312 67
1784394392650 1.3516662120819092 68
1784394392653 1.1158194541931152 69
1784394392656 1.244497537612915 70
1784394392659 1.1403017044067383 71
1784394392661 1.337597131729126 72
1784394392664 1.1556155681610107 73
1784394392667 1.014618158340454 74
1784394392670 1.127474308013916 75
1784394392673 1.115200400352478 76
1784394392676 0.7978119850158691 77
1784394392678 1.0363682508468628 78
1784394392680 1.0015023946762085 79
1784394392683 1.046707272529602 80
1784394392685 0.9214052557945251 81
1784394392688 1.17372465133667 82
1784394392690 1.0188465118408203 83
1784394392693 1.2855699062347412 84
1784394392696 0.8355317711830139 85
1784394392698 1.0901050567626953 86
1784394392701 0.9194895625114441 87
1784394392703 1.0630178451538086 88
1784394392706 0.8933961391448975 89
1784394392709 0.8446919918060303 90
1784394392712 0.8787990808486938 91
1784394392714 0.8202930092811584 92
1784394392717 0.9667906761169434 93
1784394392719 0.8480775356292725 94
1784394392721 1.0449659824371338 95
1784394392724 1.182982087135315 96
1784394392727 1.085166335105896 97
1784394392729 1.469853162765503 98
1784394392732 0.8921408653259277 99
1784394392734 1.3544522523880005 100
1784394392737 1.0771335363388062 101
1784394392740 1.171537160873413 102
1784394392742 0.9919456243515015 103
1784394392745 1.058363914489746 104
1784394392748 1.0549631118774414 105
1784394392751 1.0973020792007446 106
1784394392753 1.0421040058135986 107
1784394392756 0.9472997188568115 108
1784394392758 0.9270761609077454 109
1784394392761 1.0409469604492188 110
1784394392763 0.8729152083396912 111
1784394392766 0.8144465088844299 112
1784394392769 0.9882301092147827 113
1784394392771 0.8974737524986267 114
1784394392774 0.994420051574707 115
1784394392776 0.7870039939880371 116
1784394392779 0.9312477707862854 117
1784394392782 0.9111752510070801 118
1784394392784 0.8516595363616943 119
1784394392787 0.8976783752441406 120
1784394392790 1.1108109951019287 121
1784394392793 0.848391056060791 122
1784394392796 0.8589076399803162 123
1784394392799 0.7742034196853638 124
1784394392801 0.9520827531814575 125
1784394392804 0.9302465915679932 126
1784394392807 0.8770519495010376 127
1784394392810 0.8553038239479065 128
1784394392812 0.9244612455368042 129
1784394392816 0.7173532843589783 130
1784394392818 0.7457761168479919 131
1784394392821 0.750415563583374 132
1784394392824 0.6866823434829712 133
1784394392826 0.7139416933059692 134
1784394392829 0.6774803996086121 135
1784394392832 0.7078383564949036 136
1784394392835 0.7083467841148376 137
1784394392837 0.7661156058311462 138
1784394392841 0.6665554046630859 139
1784394392843 0.6707229614257812 140
1784394392846 0.793775200843811 141
1784394392849 0.6732124090194702 142
1784394392851 0.6681695580482483 143
1784394392854 0.6804831624031067 144
1784394392856 0.8223897218704224 145
1784394392859 0.655463695526123 146
1784394392862 0.7448039650917053 147
1784394392865 0.6777011156082153 148
1784394392867 0.6829497218132019 149
1784394392870 0.7099434733390808 150
1784394392873 0.702060878276825 151
1784394392877 0.6727898716926575 152
1784394392880 0.699232280254364 153
1784394392885 0.7568926215171814 154
1784394392888 0.7392746806144714 155
1784394392891 0.7834283113479614 156
1784394392895 0.7964246273040771 157
1784394392897 0.8374336957931519 158
1784394392900 0.809762179851532 159
1784394392903 0.8349595665931702 160
1784394392907 0.8429216146469116 161
1784394392909 1.0213756561279297 162
1784394392913 0.73955237865448 163
1784394392916 0.9753475785255432 164
1784394392919 0.9708654880523682 165
1784394392922 0.6380563974380493 166
1784394392926 0.8717115521430969 167
1784394392929 0.7687362432479858 168
1784394392932 0.8433323502540588 169
1784394392936 0.7452738285064697 170
1784394392939 0.7598387598991394 171
1784394392942 0.7802203297615051 172
1784394392945 0.7677639722824097 173
1784394392948 0.812034547328949 174
1784394392950 0.5454436540603638 175
1784394392953 0.6394729614257812 176
1784394392956 0.641533613204956 177
1784394392958 0.5645229816436768 178
1784394392960 0.6885993480682373 179
1784394392963 0.5251621007919312 180
1784394392965 0.8194887042045593 181
1784394392969 0.5842719078063965 182
1784394392971 0.7521407604217529 183
1784394392974 0.7308701276779175 184
1784394392976 0.642756462097168 185
1784394392979 0.8677841424942017 186
1784394392981 0.6684945225715637 187
1784394392983 0.7051050066947937 188
1784394392986 0.7658365368843079 189
1784394392988 0.6760063171386719 190
1784394392991 0.859731912612915 191
1784394392993 0.7775790691375732 192
1784394392995 0.7185596227645874 193
1784394392998 0.8247687220573425 194
1784394393001 0.6089905500411987 195
1784394393004 0.7210572957992554 196
1784394393006 0.6251434683799744 197
1784394393008 0.6724342107772827 198
1784394393011 0.6387521624565125 199
1784394393013 0.7771790623664856 200
1784394393016 0.8160240054130554 201
1784394393019 0.6795995831489563 202
1784394393021 0.7639909982681274 203
1784394393024 0.7125476598739624 204
1784394393026 0.6012617945671082 205
1784394393029 0.6634085178375244 206
1784394393031 0.569753110408783 207
1784394393034 0.5925604104995728 208
1784394393037 0.5797693133354187 209
1784394393039 0.5549747943878174 210
1784394393042 0.533730685710907 211
1784394393045 0.5558822154998779 212
1784394393049 0.5492932200431824 213
1784394393052 0.5664387941360474 214
1784394393056 0.4267130196094513 215
1784394393060 0.5942089557647705 216
1784394393063 0.45803409814834595 217
1784394393066 0.59621661901474 218
1784394393069 0.4938625991344452 219
1784394393071 0.6098659634590149 220
1784394393073 0.6349936127662659 221
1784394393076 0.5304044485092163 222
1784394393079 0.6744232773780823 223
1784394393081 0.6031790971755981 224
1784394393084 0.758009672164917 225
1784394393086 0.7358076572418213 226
1784394393089 0.7699543237686157 227
1784394393092 0.557655394077301 228
1784394393095 0.7454115152359009 229
1784394393098 0.543248176574707 230
1784394393101 0.6546798944473267 231
1784394393103 0.6095749139785767 232
1784394393106 0.6721288561820984 233
1784394393109 0.5571150779724121 234
1784394393112 0.7188794016838074 235
1784394393115 0.533990204334259 236
1784394393117 0.6142152547836304 237
1784394393120 0.6067192554473877 238
1784394393123 0.47401702404022217 239
1784394393126 0.5912011861801147 240
1784394393129 0.5402776002883911 241
1784394393132 0.541436493396759 242
1784394393134 0.5262100696563721 243
1784394393136 0.5789477825164795 244
1784394393138 0.6522741317749023 245
1784394393140 0.6657263040542603 246
1784394393143 0.5073880553245544 247
1784394393145 0.656216025352478 248
1784394393148 0.5319669842720032 249
1784394393151 0.5442471504211426 250
1784394393153 0.4835171103477478 251
1784394393156 0.6635748147964478 252
1784394393158 0.4495512843132019 253
1784394393161 0.538325846195221 254
1784394393163 0.558215856552124 255
1784394393165 0.5082151889801025 256
1784394393168 0.5285565853118896 257
1784394393171 0.4198126196861267 258
1784394393175 0.468686580657959 259
1784394393178 0.48230570554733276 260
1784394393181 0.4731661081314087 261
1784394393183 0.503913402557373 262
1784394393186 0.4741863012313843 263
1784394393188 0.548008143901825 264
1784394393191 0.4558411240577698 265
1784394393193 0.5396819114685059 266
1784394393196 0.4687701463699341 267
1784394393199 0.54845130443573 268
1784394393201 0.5058444142341614 269
1784394393204 0.4487706422805786 270
1784394393207 0.4751201868057251 271
1784394393210 0.5385064482688904 272
1784394393212 0.4531213939189911 273
1784394393215 0.46906569600105286 274
1784394393218 0.5149884223937988 275
1784394393221 0.5691677927970886 276
1784394393223 0.46773576736450195 277
1784394393226 0.6502165794372559 278
1784394393229 0.5236010551452637 279
1784394393231 0.4833791255950928 280
1784394393234 0.49413183331489563 281
1784394393236 0.4761407971382141 282
1784394393238 0.5039032101631165 283
1784394393241 0.5419335961341858 284
1784394393243 0.525528609752655 285
1784394393246 0.5108800530433655 286
1784394393248 0.4998456835746765 287
1784394393251 0.4825051426887512 288
1784394393254 0.4694646894931793 289
1784394393256 0.46613478660583496 290
1784394393258 0.48585736751556396 291
1784394393261 0.4712844789028168 292
1784394393263 0.4873802363872528 293
1784394393265 0.4487156569957733 294
1784394393267 0.4685121178627014 295
1784394393270 0.47042423486709595 296
1784394393272 0.3438519239425659 297
1784394393275 0.4497961103916168 298
1784394393277 0.3709624409675598 299
1784394393280 0.4260583519935608 300
1784394393282 0.37248608469963074 301
1784394393285 0.5258930921554565 302
1784394393287 0.4178897738456726 303
1784394393290 0.5426709055900574 304
1784394393292 0.47272586822509766 305
1784394393295 0.4460979700088501 306
1784394393297 0.5830212831497192 307
1784394393299 0.3929995000362396 308
1784394393302 0.5833796262741089 309
1784394393305 0.45018333196640015 310
1784394393308 0.5427626371383667 311
1784394393310 0.6027156114578247 312
1784394393313 0.46084538102149963 313
1784394393316 0.5605743527412415 314
1784394393319 0.6361789703369141 315
1784394393321 0.47312018275260925 316
1784394393324 0.6594312191009521 317
1784394393326 0.6071786284446716 318
1784394393328 0.5631021857261658 319
1784394393331 0.5614861845970154 320
1784394393333 0.5217933654785156 321
1784394393336 0.5335061550140381 322
1784394393339 0.5771762132644653 323
1784394393342 0.500918984413147 324
1784394393344 0.5379160642623901 325
1784394393346 0.5855585336685181 326
1784394393349 0.5236561298370361 327
1784394393352 0.46510446071624756 328
1784394393355 0.47719815373420715 329
1784394393357 0.4690791368484497 330
1784394393360 0.42163094878196716 331
1784394393363 0.36961713433265686 332
1784394393365 0.44248276948928833 333
1784394393368 0.42114803194999695 334
1784394393371 0.4464285373687744 335
1784394393374 0.42282429337501526 336
1784394393377 0.3746558129787445 337
1784394393380 0.4026763439178467 338
1784394393382 0.4143255949020386 339
1784394393385 0.37235721945762634 340
1784394393388 0.4017026126384735 341
1784394393390 0.45641130208969116 342
1784394393394 0.3534998595714569 343
1784394393397 0.3648855686187744 344
1784394393400 0.39616355299949646 345
1784394393402 0.4045158624649048 346
1784394393405 0.38441306352615356 347
1784394393408 0.3769230544567108 348
1784394393411 0.43397870659828186 349
1784394393414 0.33134743571281433 350
1784394393417 0.4317183196544647 351
1784394393419 0.3938310742378235 352
1784394393422 0.36311009526252747 353
1784394393425 0.37170159816741943 354
1784394393427 0.3479864001274109 355
1784394393430 0.40483346581459045 356
1784394393433 0.37211301922798157 357
1784394393435 0.43991154432296753 358
1784394393438 0.3369121849536896 359
1784394393440 0.4925698935985565 360
1784394393443 0.36943766474723816 361
1784394393445 0.5020281076431274 362
1784394393448 0.3646017909049988 363
1784394393450 0.45240890979766846 364
1784394393453 0.45969295501708984 365
1784394393456 0.4462818205356598 366
1784394393459 0.39496344327926636 367
1784394393461 0.4231701195240021 368
1784394393464 0.33997783064842224 369
1784394393466 0.394303560256958 370
1784394393468 0.44272807240486145 371
1784394393472 0.450822651386261 372
1784394393474 0.4662432372570038 373
1784394393477 0.4402883052825928 374
1784394393481 0.5554469227790833 375
1784394393484 0.4162011444568634 376
1784394393487 0.5097226500511169 377
1784394393490 0.3145536780357361 378
1784394393493 0.4663727283477783 379
1784394393496 0.33717915415763855 380
1784394393498 0.4824329614639282 381
1784394393501 0.4329185485839844 382
1784394393503 0.45863425731658936 383
1784394393505 0.34374725818634033 384
1784394393508 0.5248340368270874 385
1784394393510 0.4294108748435974 386
1784394393513 0.441534161567688 387
1784394393515 0.4080944061279297 388
1784394393517 0.48226723074913025 389
1784394393520 0.4454456865787506 390
1784394393522 0.5038574934005737 391
1784394393524 0.40837883949279785 392
1784394393527 0.4603520631790161 393
1784394393529 0.4576157033443451 394
1784394393532 0.4790428578853607 395
1784394393534 0.5186187624931335 396
1784394393537 0.4547654390335083 397
1784394393539 0.5355393886566162 398
1784394393542 0.4132198095321655 399
1784394393544 0.522809624671936 400
1784394393547 0.5116164684295654 401
1784394393551 0.4119877815246582 402
1784394393553 0.489355206489563 403
1784394393556 0.53354412317276 404
1784394393558 0.4137888550758362 405
1784394393560 0.4728696644306183 406
1784394393562 0.45554983615875244 407
1784394393565 0.45900237560272217 408
1784394393567 0.4520781636238098 409
1784394393570 0.44207391142845154 410
1784394393572 0.39579856395721436 411
1784394393575 0.4840041399002075 412
1784394393577 0.4599289000034332 413
1784394393580 0.41933736205101013 414
1784394393582 0.37797337770462036 415
1784394393585 0.3790280818939209 416
1784394393587 0.3775688707828522 417
1784394393589 0.32187455892562866 418
1784394393592 0.30241328477859497 419
1784394393594 0.3437745273113251 420
1784394393597 0.30713731050491333 421
1784394393600 0.37324410676956177 422
1784394393602 0.3307042121887207 423
1784394393605 0.32861629128456116 424
1784394393608 0.3866175413131714 425
1784394393611 0.30726778507232666 426
1784394393613 0.34322401881217957 427
1784394393616 0.3394145965576172 428
1784394393618 0.3367670476436615 429
1784394393620 0.4046837091445923 430
1784394393623 0.2790457308292389 431
1784394393625 0.3642595410346985 432
1784394393628 0.30453985929489136 433
1784394393630 0.3657654821872711 434
1784394393633 0.346846342086792 435
1784394393635 0.33787211775779724 436
1784394393638 0.3651101589202881 437
1784394393640 0.44063010811805725 438
1784394393642 0.4074133634567261 439
1784394393644 0.4153943955898285 440
1784394393647 0.3520767092704773 441
1784394393649 0.4737982153892517 442
1784394393652 0.38388335704803467 443
1784394393654 0.32770952582359314 444
1784394393656 0.3640431761741638 445
1784394393659 0.3808310031890869 446
1784394393661 0.40672534704208374 447
1784394393663 0.3232799768447876 448
1784394393666 0.3221050798892975 449
1784394393668 0.3187309801578522 450
1784394393670 0.3844406306743622 451
1784394393673 0.32201677560806274 452
1784394393675 0.3329617977142334 453
1784394393678 0.3324759900569916 454
1784394393680 0.32816922664642334 455
1784394393682 0.41410431265830994 456
1784394393684 0.3550240695476532 457
1784394393686 0.3107026219367981 458
1784394393690 0.3421493470668793 459
1784394393692 0.2977207899093628 460
1784394393695 0.29128456115722656 461
1784394393698 0.2512381374835968 462
1784394393701 0.28540074825286865 463
1784394393703 0.3043682873249054 464
1784394393706 0.3213147521018982 465
1784394393709 0.23810461163520813 466
1784394393712 0.32504040002822876 467
1784394393715 0.29871127009391785 468
1784394393717 0.2621868848800659 469
1784394393720 0.26722049713134766 470
1784394393722 0.3077239990234375 471
1784394393724 0.3477557599544525 472
1784394393727 0.34901168942451477 473
1784394393729 0.32059434056282043 474
1784394393732 0.30183425545692444 475
1784394393734 0.29461929202079773 476
1784394393737 0.3325311541557312 477
1784394393739 0.2614627182483673 478
1784394393741 0.33342528343200684 479
1784394393744 0.23809781670570374 480
1784394393746 0.2884223759174347 481
1784394393748 0.3043513596057892 482
1784394393751 0.25120869278907776 483
1784394393753 0.2518264055252075 484
1784394393756 0.2542797029018402 485
1784394393759 0.2256261259317398 486
1784394393762 0.23815682530403137 487
1784394393765 0.2535284161567688 488
1784394393768 0.28871142864227295 489
1784394393770 0.26092374324798584 490
1784394393774 0.2791141867637634 491
1784394393776 0.3147929012775421 492
1784394393779 0.2851957678794861 493
1784394393782 0.323293000459671 494
1784394393785 0.3174471855163574 495
1784394393788 0.32978981733322144 496
1784394393790 0.2899772524833679 497
1784394393793 0.39360639452934265 498
1784394393795 0.2406853586435318 499
1784394393798 0.4195895493030548 500
1784394393800 0.26228100061416626 501
1784394393803 0.40704625844955444 502
1784394393805 0.22925755381584167 503
1784394393807 0.3889728784561157 504
1784394393810 0.30357038974761963 505
1784394393813 0.2648255527019501 506
1784394393815 0.26202529668807983 507
1784394393818 0.25596433877944946 508
1784394393820 0.28573840856552124 509
1784394393823 0.21617214381694794 510
1784394393825 0.2849816083908081 511
1784394393828 0.26456236839294434 512
1784394393830 0.23562012612819672 513
1784394393833 0.26027995347976685 514
1784394393836 0.27829509973526 515
1784394393838 0.2685621976852417 516
1784394393841 0.24137675762176514 517
1784394393843 0.3419237434864044 518
1784394393845 0.25529712438583374 519
1784394393848 0.3190601170063019 520
1784394393850 0.26911628246307373 521
1784394393853 0.2639341354370117 522
1784394393855 0.34245651960372925 523
1784394393857 0.2806372344493866 524
1784394393860 0.3220030665397644 525
1784394393862 0.29613426327705383 526
1784394393864 0.30425554513931274 527
1784394393867 0.39765486121177673 528
1784394393869 0.36560848355293274 529
1784394393872 0.3841365575790405 530
1784394393874 0.4432978630065918 531
1784394393876 0.38868963718414307 532
1784394393879 0.3909650444984436 533
1784394393881 0.42427676916122437 534
1784394393883 0.3619095981121063 535
1784394393885 0.37800300121307373 536
1784394393888 0.3580610156059265 537
1784394393890 0.3448311686515808 538
1784394393893 0.3809986710548401 539
1784394393896 0.2623876929283142 540
1784394393898 0.3218061923980713 541
1784394393901 0.346061646938324 542
1784394393903 0.2392641305923462 543
1784394393906 0.3498729467391968 544
1784394393908 0.2713059186935425 545
1784394393911 0.28972819447517395 546
1784394393914 0.3154331147670746 547
1784394393916 0.21340355277061462 548
1784394393919 0.3016667068004608 549
1784394393921 0.25177550315856934 550
1784394393923 0.29911160469055176 551
1784394393926 0.2713067829608917 552
1784394393928 0.29376327991485596 553
1784394393930 0.32619646191596985 554
1784394393933 0.26280584931373596 555
1784394393936 0.29504749178886414 556
1784394393939 0.2620249390602112 557
1784394393942 0.32241374254226685 558
1784394393944 0.3309517502784729 559
1784394393947 0.3656252920627594 560
1784394393950 0.2903931438922882 561
1784394393953 0.35064131021499634 562
1784394393956 0.40699097514152527 563
1784394393958 0.33629024028778076 564
1784394393961 0.3050333559513092 565
1784394393964 0.3775399923324585 566
1784394393967 0.25711295008659363 567
1784394393970 0.31426551938056946 568
1784394393973 0.38020002841949463 569
1784394393976 0.25826552510261536 570
1784394393978 0.3005114197731018 571
1784394393981 0.2772841453552246 572
1784394393984 0.25371208786964417 573
1784394393987 0.2846297323703766 574
1784394393990 0.2792443633079529 575
1784394393994 0.2908187508583069 576
1784394393996 0.2785526216030121 577
1784394393999 0.30100953578948975 578
1784394394002 0.27932441234588623 579
1784394394004 0.3096439242362976 580
1784394394007 0.3433873951435089 581
1784394394010 0.34388241171836853 582
1784394394013 0.33288338780403137 583
1784394394016 0.41145873069763184 584
1784394394018 0.3263571560382843 585
1784394394020 0.3279690444469452 586
1784394394023 0.3567606806755066 587
1784394394026 0.29057618975639343 588
1784394394029 0.4020138382911682 589
1784394394031 0.20955578982830048 590
1784394394034 0.40197670459747314 591
1784394394037 0.28019657731056213 592
1784394394040 0.33758294582366943 593
1784394394043 0.24063509702682495 594
1784394394045 0.3998073637485504 595
1784394394048 0.3164343237876892 596
1784394394051 0.39648449420928955 597
1784394394054 0.3244725465774536 598
1784394394056 0.3225041627883911 599
1784394394059 0.22995491325855255 600
1784394394061 0.35950207710266113 601
1784394394064 0.3245687484741211 602
1784394394066 0.37906506657600403 603
1784394394068 0.334285169839859 604
1784394394071 0.35620227456092834 605
1784394394074 0.3909755349159241 606
1784394394076 0.3379250168800354 607
1784394394079 0.39771533012390137 608
1784394394081 0.3076879382133484 609
1784394394084 0.25478535890579224 610
1784394394086 0.2566405236721039 611
1784394394089 0.29441189765930176 612
1784394394091 0.3215874433517456 613
1784394394093 0.21909865736961365 614
1784394394096 0.43264520168304443 615
1784394394098 0.3101039528846741 616
1784394394100 0.3484507203102112 617
1784394394103 0.3774375915527344 618
1784394394105 0.36408793926239014 619
1784394394108 0.3444257080554962 620
1784394394110 0.3409671485424042 621
1784394394113 0.33506152033805847 622
1784394394115 0.26918816566467285 623
1784394394118 0.258229523897171 624
1784394394120 0.25507643818855286 625
1784394394122 0.2481381595134735 626
1784394394125 0.23009078204631805 627
1784394394128 0.27684739232063293 628
1784394394130 0.2799075245857239 629
1784394394134 0.29007646441459656 630
1784394394136 0.25260061025619507 631
1784394394139 0.2956332266330719 632
1784394394141 0.23500408232212067 633
1784394394143 0.27676868438720703 634
1784394394145 0.2799164056777954 635
1784394394148 0.2880570888519287 636
1784394394151 0.31400105357170105 637
1784394394154 0.29295748472213745 638
1784394394157 0.3553706109523773 639
1784394394159 0.3446018099784851 640
1784394394162 0.36445558071136475 641
1784394394164 0.40651336312294006 642
1784394394167 0.30384621024131775 643
1784394394169 0.3960862457752228 644
1784394394172 0.27617591619491577 645
1784394394175 0.3920880854129791 646
1784394394177 0.3298008143901825 647
1784394394180 0.355018675327301 648
1784394394182 0.2317979484796524 649
1784394394184 0.4216900169849396 650
1784394394187 0.2340625375509262 651
1784394394189 0.4043445289134979 652
1784394394192 0.3713977634906769 653
1784394394195 0.35603100061416626 654
1784394394197 0.2933432161808014 655
1784394394200 0.30131518840789795 656
1784394394202 0.29102927446365356 657
1784394394205 0.4183812737464905 658
1784394394207 0.31787094473838806 659
1784394394209 0.3803068697452545 660
1784394394212 0.4040520191192627 661
1784394394214 0.2722785770893097 662
1784394394217 0.3056873083114624 663
1784394394220 0.2549351453781128 664
1784394394223 0.2791074216365814 665
1784394394226 0.2709555923938751 666
1784394394229 0.2531678378582001 667
1784394394231 0.19624251127243042 668
1784394394234 0.24399714171886444 669
1784394394236 0.2371245175600052 670
1784394394238 0.23052078485488892 671
1784394394241 0.2252640426158905 672
1784394394243 0.2144143134355545 673
1784394394245 0.27431875467300415 674
1784394394248 0.22492404282093048 675
1784394394250 0.2300594449043274 676
1784394394253 0.318549245595932 677
1784394394256 0.20582318305969238 678
1784394394259 0.22230464220046997 679
1784394394261 0.2570517063140869 680
1784394394264 0.2635781168937683 681
1784394394266 0.22045597434043884 682
1784394394269 0.2538221776485443 683
1784394394273 0.19603759050369263 684
1784394394276 0.2646450996398926 685
1784394394279 0.25043556094169617 686
1784394394281 0.32787561416625977 687
1784394394284 0.29296866059303284 688
1784394394287 0.28902721405029297 689
1784394394290 0.3109704256057739 690
1784394394293 0.26984918117523193 691
1784394394296 0.20940440893173218 692
1784394394298 0.2716388404369354 693
1784394394301 0.24445293843746185 694
1784394394304 0.3472185730934143 695
1784394394307 0.266219824552536 696
1784394394310 0.33249107003211975 697
1784394394313 0.30139032006263733 698
1784394394316 0.35641491413116455 699
1784394394318 0.24760112166404724 700
1784394394321 0.47046443819999695 701
1784394394324 0.38645386695861816 702
1784394394327 0.33867695927619934 703
1784394394329 0.33902549743652344 704
1784394394332 0.3463088572025299 705
1784394394334 0.36230775713920593 706
1784394394337 0.3457241952419281 707
1784394394340 0.3376186192035675 708
1784394394342 0.24514701962471008 709
1784394394345 0.40416574478149414 710
1784394394348 0.18515411019325256 711
1784394394351 0.34260308742523193 712
1784394394354 0.24766585230827332 713
1784394394357 0.301116943359375 714
1784394394360 0.27333953976631165 715
1784394394363 0.2970852851867676 716
1784394394365 0.26914405822753906 717
1784394394368 0.2565465569496155 718
1784394394370 0.26805102825164795 719
1784394394372 0.3089720606803894 720
1784394394375 0.21120357513427734 721
1784394394378 0.2735242247581482 722
1784394394380 0.2066829651594162 723
1784394394382 0.3234284222126007 724
1784394394384 0.27323395013809204 725
1784394394388 0.318900465965271 726
1784394394390 0.3483644425868988 727
1784394394393 0.2103291004896164 728
1784394394395 0.31267648935317993 729
1784394394398 0.2091873735189438 730
1784394394400 0.2932268977165222 731
1784394394402 0.23737478256225586 732
1784394394405 0.31869909167289734 733
1784394394407 0.3647773265838623 734
1784394394410 0.19121776521205902 735
1784394394413 0.2711385488510132 736
1784394394416 0.21535229682922363 737
1784394394419 0.23245415091514587 738
1784394394421 0.3255015015602112 739
1784394394424 0.21008887887001038 740
1784394394427 0.3126491606235504 741
1784394394431 0.24936974048614502 742
1784394394433 0.31001365184783936 743
1784394394436 0.3308064937591553 744
1784394394439 0.29521796107292175 745
1784394394442 0.20439362525939941 746
1784394394444 0.28706324100494385 747
1784394394448 0.17968228459358215 748
1784394394450 0.2797183394432068 749
1784394394453 0.19991666078567505 750
1784394394456 0.26059502363204956 751
1784394394458 0.25222259759902954 752
1784394394461 0.21161812543869019 753
1784394394463 0.2657043933868408 754
1784394394466 0.2321520745754242 755
1784394394469 0.22297586500644684 756
1784394394472 0.20261003077030182 757
1784394394474 0.19495940208435059 758
1784394394477 0.21927642822265625 759
1784394394479 0.1884535402059555 760
1784394394481 0.15608298778533936 761
1784394394484 0.1613570600748062 762
1784394394486 0.18125814199447632 763
1784394394488 0.18319562077522278 764
1784394394491 0.1539319008588791 765
1784394394493 0.19836091995239258 766
1784394394496 0.15865127742290497 767
1784394394498 0.19180899858474731 768
1784394394500 0.1498580425977707 769
1784394394503 0.21031515300273895 770
1784394394505 0.18582448363304138 771
1784394394508 0.2132498025894165 772
1784394394510 0.18077367544174194 773
1784394394512 0.24557706713676453 774
1784394394515 0.21572354435920715 775
1784394394517 0.24411702156066895 776
1784394394520 0.1995925009250641 777
1784394394523 0.20775917172431946 778
1784394394526 0.24530884623527527 779
1784394394528 0.16016453504562378 780
1784394394530 0.21779179573059082 781
1784394394533 0.19028866291046143 782
1784394394536 0.2605932950973511 783
1784394394538 0.22611498832702637 784
1784394394541 0.169081911444664 785
1784394394543 0.26168137788772583 786
1784394394546 0.1616472601890564 787
1784394394548 0.23128870129585266 788
1784394394551 0.20425957441329956 789
1784394394554 0.15165787935256958 790
1784394394557 0.18979373574256897 791
1784394394560 0.1735437512397766 792
1784394394562 0.16431131958961487 793
1784394394565 0.17755699157714844 794
1784394394568 0.16677962243556976 795
1784394394570 0.20462091267108917 796
1784394394573 0.16015900671482086 797
1784394394576 0.161878764629364 798
1784394394578 0.1746029406785965 799
1784394394581 0.19427520036697388 800
1784394394583 0.16225698590278625 801
1784394394586 0.1751200556755066 802
1784394394589 0.2029542624950409 803
1784394394591 0.17015764117240906 804
1784394394594 0.18893583118915558 805
1784394394596 0.16348715126514435 806
1784394394599 0.18017426133155823 807
1784394394601 0.2144821435213089 808
1784394394603 0.18106383085250854 809
1784394394605 0.2112676054239273 810
1784394394608 0.21328029036521912 811
1784394394610 0.21496421098709106 812
1784394394613 0.2077162265777588 813
1784394394616 0.17728860676288605 814
1784394394619 0.224945068359375 815
1784394394621 0.22226423025131226 816
1784394394624 0.20436210930347443 817
1784394394627 0.28206667304039 818
1784394394630 0.1798333078622818 819
1784394394633 0.28131040930747986 820
1784394394636 0.1784249246120453 821
1784394394638 0.29795628786087036 822
1784394394641 0.2007802128791809 823
1784394394643 0.2894519865512848 824
1784394394646 0.24742865562438965 825
1784394394648 0.21812638640403748 826
1784394394651 0.25534895062446594 827
1784394394654 0.3083682060241699 828
1784394394656 0.21432989835739136 829
1784394394658 0.28767505288124084 830
1784394394661 0.2929781377315521 831
1784394394663 0.2197089046239853 832
1784394394666 0.2956085801124573 833
1784394394668 0.2431180775165558 834
1784394394670 0.20662620663642883 835
1784394394673 0.23337750136852264 836
1784394394675 0.21169015765190125 837
1784394394678 0.18263573944568634 838
1784394394681 0.2333126962184906 839
1784394394684 0.2055349349975586 840
1784394394686 0.19533221423625946 841
1784394394689 0.20085632801055908 842
1784394394692 0.19085916876792908 843
1784394394695 0.19106654822826385 844
1784394394698 0.1865016222000122 845
1784394394700 0.20704025030136108 846
1784394394703 0.16959497332572937 847
1784394394705 0.1599702090024948 848
1784394394707 0.16522720456123352 849
1784394394710 0.15553151071071625 850
1784394394712 0.15761031210422516 851
1784394394715 0.12571977078914642 852
1784394394717 0.1700868010520935 853
1784394394720 0.13992443680763245 854
1784394394722 0.1476680189371109 855
1784394394724 0.1598759889602661 856
1784394394727 0.13433364033699036 857
1784394394729 0.17404983937740326 858
1784394394733 0.14024578034877777 859
1784394394735 0.20827141404151917 860
1784394394738 0.17788590490818024 861
1784394394741 0.2223931849002838 862
1784394394743 0.1504720151424408 863
1784394394746 0.18091097474098206 864
1784394394749 0.20140524208545685 865
1784394394752 0.2159653604030609 866
1784394394754 0.15493011474609375 867
1784394394757 0.19040507078170776 868
1784394394759 0.17323599755764008 869
1784394394762 0.16874092817306519 870
1784394394765 0.1751841902732849 871
1784394394768 0.161650612950325 872
1784394394771 0.17315049469470978 873
1784394394773 0.1955440193414688 874
1784394394776 0.15946227312088013 875
1784394394778 0.1749231517314911 876
1784394394781 0.1731749027967453 877
1784394394783 0.23416177928447723 878
1784394394785 0.16552232205867767 879
1784394394788 0.28400519490242004 880
1784394394791 0.23161253333091736 881
1784394394794 0.2012898027896881 882
1784394394797 0.22005882859230042 883
1784394394800 0.2238573431968689 884
1784394394803 0.1932958960533142 885
1784394394805 0.2613688111305237 886
1784394394808 0.19470956921577454 887
1784394394811 0.19901877641677856 888
1784394394813 0.19108784198760986 889
1784394394817 0.17882803082466125 890
1784394394819 0.16224585473537445 891
1784394394821 0.1678195744752884 892
1784394394824 0.15257859230041504 893
1784394394826 0.16218353807926178 894
1784394394829 0.21428047120571136 895
1784394394831 0.2754490375518799 896
1784394394834 0.17451484501361847 897
1784394394836 0.24556677043437958 898
1784394394839 0.20206710696220398 899
1784394394841 0.2243022620677948 900
1784394394843 0.1797940582036972 901
1784394394845 0.20023894309997559 902
1784394394849 0.1646077185869217 903
1784394394851 0.25033965706825256 904
1784394394854 0.21933776140213013 905
1784394394856 0.23088310658931732 906
1784394394859 0.23261673748493195 907
1784394394861 0.1936720609664917 908
1784394394863 0.19856378436088562 909
1784394394866 0.26996803283691406 910
1784394394868 0.21204712986946106 911
1784394394870 0.18657976388931274 912
1784394394873 0.2497418373823166 913
1784394394876 0.1671702116727829 914
1784394394879 0.21194769442081451 915
1784394394881 0.1565963327884674 916
1784394394884 0.1566617637872696 917
1784394394886 0.1325051188468933 918
1784394394888 0.18478217720985413 919
1784394394891 0.15006650984287262 920
1784394394894 0.18270735442638397 921
1784394394897 0.10388390719890594 922
1784394394900 0.21769540011882782 923
1784394394903 0.15934821963310242 924
1784394394905 0.21271105110645294 925
1784394394907 0.17684298753738403 926
1784394394910 0.19445326924324036 927
1784394394913 0.1465207040309906 928
1784394394916 0.23365437984466553 929
1784394394918 0.2270127832889557 930
1784394394920 0.1742343306541443 931
1784394394923 0.2075001448392868 932
1784394394926 0.17184965312480927 933
1784394394929 0.17018084228038788 934
1784394394931 0.22681733965873718 935
1784394394934 0.21335816383361816 936
1784394394937 0.17413151264190674 937
1784394394939 0.20774617791175842 938
1784394394942 0.18956618010997772 939
1784394394945 0.2061564177274704 940
1784394394947 0.2615097165107727 941
1784394394950 0.2773997485637665 942
1784394394953 0.22649461030960083 943
1784394394955 0.17529846727848053 944
1784394394958 0.20819565653800964 945
1784394394960 0.16214515268802643 946
1784394394963 0.22579407691955566 947
1784394394965 0.1890285760164261 948
1784394394971 0.1890905499458313 949
1784394394974 0.2157033532857895 950
1784394394977 0.16870291531085968 951
1784394394979 0.2107604444026947 952
1784394394982 0.1842717081308365 953
1784394394985 0.2539663314819336 954
1784394394988 0.2622039020061493 955
1784394394990 0.23149406909942627 956
1784394394993 0.21850857138633728 957
1784394394995 0.2612423300743103 958
1784394394998 0.1849461793899536 959
1784394395001 0.20248745381832123 960
1784394395003 0.14816667139530182 961
1784394395006 0.1473761349916458 962
1784394395008 0.18230056762695312 963
1784394395011 0.15297700464725494 964
1784394395013 0.15065428614616394 965
1784394395016 0.17553633451461792 966
1784394395019 0.14783750474452972 967
1784394395021 0.16656167805194855 968
1784394395024 0.1451587826013565 969
1784394395026 0.1623493880033493 970
1784394395028 0.157765731215477 971
1784394395031 0.12949135899543762 972
1784394395033 0.12442351877689362 973
1784394395036 0.16159386932849884 974
1784394395038 0.1284051388502121 975
1784394395041 0.15607689321041107 976
1784394395043 0.12053652852773666 977
1784394395045 0.16764089465141296 978
1784394395048 0.1482638418674469 979
1784394395051 0.16867712140083313 980
1784394395054 0.16864046454429626 981
1784394395057 0.16254696249961853 982
1784394395060 0.15305915474891663 983
1784394395062 0.1730998307466507 984
1784394395064 0.16705243289470673 985
1784394395067 0.23909685015678406 986
1784394395069 0.24112434685230255 987
1784394395072 0.16249746084213257 988
1784394395075 0.303072452545166 989
1784394395078 0.2256401926279068 990
1784394395080 0.19383583962917328 991
1784394395083 0.31690701842308044 992
1784394395086 0.23652023077011108 993
1784394395088 0.14749878644943237 994
1784394395091 0.2355494201183319 995
1784394395094 0.18371078372001648 996
1784394395097 0.24014659225940704 997
1784394395100 0.18144191801548004 998
1784394395102 0.21239036321640015 999
1784394395105 0.22852973639965057 1000
1784394395108 0.2017948180437088 1001
1784394395110 0.24550509452819824 1002
1784394395113 0.15304718911647797 1003
1784394395116 0.21139681339263916 1004
1784394395119 0.19264425337314606 1005
1784394395122 0.1357121467590332 1006
1784394395124 0.1802176684141159 1007
1784394395127 0.14253449440002441 1008
1784394395130 0.16549348831176758 1009
1784394395133 0.13126197457313538 1010
1784394395135 0.19480356574058533 1011
1784394395138 0.1975141316652298 1012
1784394395140 0.15088461339473724 1013
1784394395143 0.151819109916687 1014
1784394395145 0.1615528166294098 1015
1784394395147 0.18884705007076263 1016
1784394395150 0.13513457775115967 1017
1784394395152 0.17063619196414948 1018
1784394395155 0.2562045753002167 1019
1784394395158 0.16599322855472565 1020
1784394395161 0.2262738049030304 1021
1784394395164 0.1680043637752533 1022
1784394395167 0.22127147018909454 1023
1784394395169 0.16640278697013855 1024
1784394395172 0.23648202419281006 1025
1784394395175 0.24082976579666138 1026
1784394395177 0.2203126847743988 1027
1784394395180 0.22361421585083008 1028
1784394395182 0.1721596121788025 1029
1784394395184 0.1905842423439026 1030
1784394395187 0.19531433284282684 1031
1784394395190 0.1433435082435608 1032
1784394395192 0.18193410336971283 1033
1784394395195 0.14430393278598785 1034
1784394395197 0.17729496955871582 1035
1784394395200 0.2240256667137146 1036
1784394395203 0.2244727462530136 1037
1784394395206 0.15329986810684204 1038
1784394395208 0.14932012557983398 1039
1784394395211 0.17746342718601227 1040
1784394395213 0.1814861297607422 1041
1784394395216 0.16316287219524384 1042
1784394395219 0.18558964133262634 1043
1784394395221 0.14709638059139252 1044
1784394395223 0.15998512506484985 1045
1784394395225 0.11691267788410187 1046
1784394395228 0.19555430114269257 1047
1784394395231 0.15193097293376923 1048
1784394395233 0.20995187759399414 1049
1784394395236 0.1749311238527298 1050
1784394395239 0.20216304063796997 1051
1784394395242 0.2259669154882431 1052
1784394395245 0.1720532923936844 1053
1784394395248 0.21028977632522583 1054
1784394395250 0.20136214792728424 1055
1784394395253 0.18311727046966553 1056
1784394395255 0.19701790809631348 1057
1784394395257 0.1515384167432785 1058
1784394395260 0.16887590289115906 1059
1784394395262 0.15785136818885803 1060
1784394395264 0.161304771900177 1061
1784394395267 0.1459220051765442 1062
1784394395269 0.19785422086715698 1063
1784394395272 0.20627401769161224 1064
1784394395274 0.18532569706439972 1065
1784394395277 0.1489754468202591 1066
1784394395279 0.19206002354621887 1067
1784394395282 0.13388106226921082 1068
1784394395284 0.174001082777977 1069
1784394395287 0.1641862839460373 1070
1784394395289 0.13272005319595337 1071
1784394395292 0.1909310668706894 1072
1784394395295 0.12555857002735138 1073
1784394395297 0.1909964382648468 1074
1784394395300 0.16613365709781647 1075
1784394395302 0.17226624488830566 1076
1784394395305 0.17820119857788086 1077
1784394395307 0.1462262123823166 1078
1784394395310 0.1711418479681015 1079
1784394395312 0.14992789924144745 1080
1784394395315 0.1443341076374054 1081
1784394395318 0.11984290182590485 1082
1784394395321 0.1352274864912033 1083
1784394395323 0.1367480754852295 1084
1784394395326 0.15154695510864258 1085
1784394395329 0.19198277592658997 1086
1784394395331 0.14115369319915771 1087
1784394395334 0.15897533297538757 1088
1784394395336 0.1345297396183014 1089
1784394395339 0.18895606696605682 1090
1784394395341 0.15550154447555542 1091
1784394395343 0.18190012872219086 1092
1784394395346 0.1931547075510025 1093
1784394395348 0.18284891545772552 1094
1784394395352 0.17361748218536377 1095
1784394395355 0.1684122532606125 1096
1784394395358 0.178994819521904 1097
1784394395361 0.1640569567680359 1098
1784394395364 0.16411341726779938 1099
1784394395366 0.17833413183689117 1100
1784394395370 0.19300517439842224 1101
1784394395372 0.23097267746925354 1102
1784394395375 0.19978608191013336 1103
1784394395377 0.2439308911561966 1104
1784394395379 0.21548044681549072 1105
1784394395382 0.2776014804840088 1106
1784394395384 0.2482985407114029 1107
1784394395387 0.2545987665653229 1108
1784394395389 0.25428423285484314 1109
1784394395392 0.2115228772163391 1110
1784394395394 0.19117271900177002 1111
1784394395397 0.2595616579055786 1112
1784394395399 0.1754859834909439 1113
1784394395401 0.19752851128578186 1114
1784394395404 0.18327933549880981 1115
1784394395406 0.1981889009475708 1116
1784394395408 0.1729046106338501 1117
1784394395411 0.18169358372688293 1118
1784394395414 0.13089147210121155 1119
1784394395416 0.2010154128074646 1120
1784394395419 0.1795218586921692 1121
1784394395421 0.15846306085586548 1122
1784394395424 0.1689225435256958 1123
1784394395426 0.12559309601783752 1124
1784394395429 0.17266720533370972 1125
1784394395432 0.1456357091665268 1126
1784394395435 0.15477058291435242 1127
1784394395438 0.20181584358215332 1128
1784394395440 0.19268988072872162 1129
1784394395443 0.1745426207780838 1130
1784394395445 0.23007652163505554 1131
1784394395448 0.20671187341213226 1132
1784394395450 0.2395375818014145 1133
1784394395453 0.155575692653656 1134
1784394395455 0.20030859112739563 1135
1784394395458 0.17909833788871765 1136
1784394395460 0.17683301866054535 1137
1784394395462 0.15722353756427765 1138
1784394395464 0.16060104966163635 1139
1784394395467 0.1760411411523819 1140
1784394395469 0.14319945871829987 1141
1784394395472 0.1885499358177185 1142
1784394395475 0.13491366803646088 1143
1784394395478 0.30365312099456787 1144
1784394395480 0.12546178698539734 1145
1784394395483 0.13264255225658417 1146
1784394395485 0.15776099264621735 1147
1784394395487 0.11504556238651276 1148
1784394395490 0.19442571699619293 1149
1784394395492 0.17897963523864746 1150
1784394395495 0.15160542726516724 1151
1784394395498 0.21537479758262634 1152
1784394395500 0.17291754484176636 1153
1784394395503 0.19139842689037323 1154
1784394395505 0.1982114613056183 1155
1784394395508 0.17528587579727173 1156
1784394395510 0.23987309634685516 1157
1784394395513 0.15972532331943512 1158
1784394395515 0.2034105658531189 1159
1784394395518 0.19670870900154114 1160
1784394395520 0.16919265687465668 1161
1784394395522 0.20491254329681396 1162
1784394395524 0.24392996728420258 1163
1784394395527 0.15249279141426086 1164
1784394395530 0.21360966563224792 1165
1784394395532 0.16565477848052979 1166
1784394395535 0.18614928424358368 1167
1784394395537 0.21760523319244385 1168
1784394395540 0.22400063276290894 1169
1784394395542 0.22189408540725708 1170
1784394395545 0.274667888879776 1171
1784394395547 0.2267426699399948 1172
1784394395549 0.2372264564037323 1173
1784394395552 0.20735976099967957 1174
1784394395555 0.23074780404567719 1175
1784394395557 0.18171487748622894 1176
1784394395560 0.17977240681648254 1177
1784394395562 0.14893986284732819 1178
1784394395564 0.1696154773235321 1179
1784394395566 0.12092173844575882 1180
1784394395569 0.20945551991462708 1181
1784394395571 0.1336844563484192 1182
1784394395574 0.18656042218208313 1183
1784394395577 0.13392287492752075 1184
1784394395579 0.2037578970193863 1185
1784394395582 0.13269856572151184 1186
1784394395584 0.17966172099113464 1187
1784394395586 0.12452403455972672 1188
1784394395589 0.21735940873622894 1189
1784394395592 0.1289566457271576 1190
1784394395595 0.24332204461097717 1191
1784394395598 0.20149940252304077 1192
1784394395601 0.1866258680820465 1193
1784394395603 0.24714361131191254 1194
1784394395606 0.16727742552757263 1195
1784394395609 0.20966489613056183 1196
1784394395612 0.1694457232952118 1197
1784394395615 0.15689387917518616 1198
1784394395618 0.16482655704021454 1199
1784394395621 0.15513575077056885 1200
1784394395624 0.1887895166873932 1201
1784394395627 0.14375431835651398 1202
1784394395630 0.1936209499835968 1203
1784394395632 0.18690240383148193 1204
1784394395635 0.1732940822839737 1205
1784394395637 0.1877753883600235 1206
1784394395640 0.17914701998233795 1207
1784394395642 0.15036599338054657 1208
1784394395644 0.18498681485652924 1209
1784394395647 0.12120828032493591 1210
1784394395650 0.1646483987569809 1211
1784394395652 0.11789887398481369 1212
1784394395655 0.1990729421377182 1213
1784394395657 0.1598348319530487 1214
1784394395659 0.23341654241085052 1215
1784394395662 0.199971005320549 1216
1784394395664 0.20300602912902832 1217
1784394395667 0.15142416954040527 1218
1784394395669 0.18457594513893127 1219
1784394395673 0.16517102718353271 1220
1784394395676 0.1482858955860138 1221
1784394395679 0.13369536399841309 1222
1784394395682 0.16661089658737183 1223
1784394395685 0.1475444883108139 1224
1784394395687 0.1494877189397812 1225
1784394395690 0.11803855746984482 1226
1784394395693 0.1773330271244049 1227
1784394395696 0.1493067890405655 1228
1784394395699 0.11731985956430435 1229
1784394395702 0.1282285898923874 1230
1784394395705 0.12050321698188782 1231
1784394395708 0.12226181477308273 1232
1784394395711 0.10089816898107529 1233
1784394395713 0.12287379056215286 1234
1784394395716 0.13860279321670532 1235
1784394395718 0.11205978691577911 1236
1784394395721 0.15141862630844116 1237
1784394395723 0.1253429353237152 1238
1784394395726 0.17365725338459015 1239
1784394395729 0.12126264721155167 1240
1784394395732 0.14331775903701782 1241
1784394395735 0.1558631956577301 1242
1784394395737 0.15308022499084473 1243
1784394395740 0.13236838579177856 1244
1784394395742 0.14876899123191833 1245
1784394395745 0.1375809907913208 1246
1784394395747 0.1497369408607483 1247
1784394395750 0.15458711981773376 1248
1784394395752 0.09915278851985931 1249
1784394395755 0.14601820707321167 1250
1784394395757 0.1653260737657547 1251
1784394395760 0.11181323230266571 1252
1784394395762 0.1560983508825302 1253
1784394395765 0.12732309103012085 1254
1784394395767 0.10909852385520935 1255
1784394395770 0.13910314440727234 1256
1784394395772 0.12145473808050156 1257
1784394395776 0.13316962122917175 1258
1784394395778 0.1535060852766037 1259
1784394395780 0.1051897257566452 1260
1784394395783 0.13017728924751282 1261
1784394395785 0.08729642629623413 1262
1784394395789 0.0980624407529831 1263
1784394395791 0.0907350480556488 1264
1784394395794 0.09847929328680038 1265
1784394395797 0.10249157249927521 1266
1784394395800 0.10580345243215561 1267
1784394395802 0.11836403608322144 1268
1784394395805 0.10453805327415466 1269
1784394395807 0.09406816959381104 1270
1784394395810 0.10459232330322266 1271
1784394395813 0.09305506944656372 1272
1784394395815 0.15682443976402283 1273
1784394395818 0.12478497624397278 1274
1784394395821 0.1399587094783783 1275
1784394395823 0.12953312695026398 1276
1784394395826 0.08809689432382584 1277
1784394395829 0.1418486088514328 1278
1784394395831 0.12742272019386292 1279
1784394395834 0.1517893671989441 1280
1784394395837 0.15500077605247498 1281
1784394395840 0.11016279458999634 1282
1784394395842 0.10757109522819519 1283
1784394395845 0.15053491294384003 1284
1784394395848 0.1043621078133583 1285
1784394395851 0.1134364977478981 1286
1784394395854 0.10633619874715805 1287
1784394395857 0.11576839536428452 1288
1784394395860 0.10944890975952148 1289
1784394395862 0.14309515058994293 1290
1784394395865 0.11769246309995651 1291
1784394395868 0.1314743161201477 1292
1784394395870 0.12612339854240417 1293
1784394395873 0.10854363441467285 1294
1784394395875 0.16466082632541656 1295
1784394395878 0.10601687431335449 1296
1784394395880 0.15773582458496094 1297
1784394395883 0.1689542531967163 1298
1784394395885 0.12913888692855835 1299
1784394395887 0.16063755750656128 1300
1784394395890 0.14976955950260162 1301
1784394395892 0.14148969948291779 1302
1784394395895 0.13825246691703796 1303
1784394395898 0.13688991963863373 1304
1784394395900 0.15618161857128143 1305
1784394395904 0.15724238753318787 1306
1784394395907 0.1686716079711914 1307
1784394395910 0.1304146647453308 1308
1784394395913 0.1497560739517212 1309
1784394395916 0.11217518150806427 1310
1784394395919 0.13516442477703094 1311
1784394395922 0.113677017390728 1312
1784394395924 0.11270826309919357 1313
1784394395927 0.10251307487487793 1314
1784394395929 0.12975752353668213 1315
1784394395932 0.08624410629272461 1316
1784394395935 0.1251397579908371 1317
1784394395937 0.0873120129108429 1318
1784394395940 0.11560600996017456 1319
1784394395942 0.0866449773311615 1320
1784394395945 0.13348250091075897 1321
1784394395947 0.1497577279806137 1322
1784394395950 0.10722233355045319 1323
1784394395953 0.13207194209098816 1324
1784394395955 0.13426391780376434 1325
1784394395958 0.1416364312171936 1326
1784394395960 0.12986889481544495 1327
1784394395963 0.15629194676876068 1328
1784394395965 0.1250094175338745 1329
1784394395968 0.13547910749912262 1330
1784394395971 0.1272384226322174 1331
1784394395973 0.10784666240215302 1332
1784394395976 0.1447632610797882 1333
1784394395978 0.09711543470621109 1334
1784394395980 0.14571574330329895 1335
1784394395983 0.08637402206659317 1336
1784394395985 0.13895204663276672 1337
1784394395988 0.16709479689598083 1338
1784394395990 0.11437205970287323 1339
1784394395993 0.15513047575950623 1340
1784394395995 0.1564575582742691 1341
1784394395997 0.10107053816318512 1342
1784394396000 0.1511196345090866 1343
1784394396003 0.09051552414894104 1344
1784394396006 0.1334211528301239 1345
1784394396008 0.16876757144927979 1346
1784394396011 0.10321976244449615 1347
1784394396014 0.12475398182868958 1348
1784394396017 0.1117296814918518 1349
1784394396020 0.1287979632616043 1350
1784394396022 0.1368580013513565 1351
1784394396025 0.12434190511703491 1352
1784394396028 0.10751655697822571 1353
1784394396032 0.13749495148658752 1354
1784394396034 0.14619022607803345 1355
1784394396037 0.10335041582584381 1356
1784394396040 0.13122695684432983 1357
1784394396043 0.11859866231679916 1358
1784394396046 0.11317259818315506 1359
1784394396049 0.09566836059093475 1360
1784394396051 0.09476274251937866 1361
1784394396054 0.07642132043838501 1362
1784394396057 0.0975571870803833 1363
1784394396060 0.10393133014440536 1364
1784394396062 0.08004097640514374 1365
1784394396065 0.13097375631332397 1366
1784394396068 0.12546619772911072 1367
1784394396071 0.12537766993045807 1368
1784394396073 0.1382569521665573 1369
1784394396076 0.1380273699760437 1370
1784394396079 0.09034236520528793 1371
1784394396081 0.11574652045965195 1372
1784394396084 0.14537827670574188 1373
1784394396087 0.11691685020923615 1374
1784394396089 0.1008380874991417 1375
1784394396092 0.10934431105852127 1376
1784394396095 0.14303459227085114 1377
1784394396098 0.1160794049501419 1378
1784394396101 0.15222413837909698 1379
1784394396104 0.15350772440433502 1380
1784394396107 0.12813138961791992 1381
1784394396110 0.1268673837184906 1382
1784394396113 0.15070077776908875 1383
1784394396116 0.09388314932584763 1384
1784394396118 0.15857502818107605 1385
1784394396121 0.12382332980632782 1386
1784394396124 0.12443171441555023 1387
1784394396127 0.10114052891731262 1388
1784394396129 0.11628289520740509 1389
1784394396132 0.09932877868413925 1390
1784394396135 0.0954984575510025 1391
1784394396137 0.09970757365226746 1392
1784394396140 0.1274046003818512 1393
1784394396142 0.10233715921640396 1394
1784394396144 0.10991140455007553 1395
1784394396147 0.10343295335769653 1396
1784394396150 0.09999646246433258 1397
1784394396153 0.0988387018442154 1398
1784394396156 0.07461169362068176 1399
1784394396159 0.1381135731935501 1400
1784394396162 0.10098189115524292 1401
1784394396164 0.10839396715164185 1402
1784394396167 0.12186472117900848 1403
1784394396171 0.06604109704494476 1404
1784394396174 0.12126250565052032 1405
1784394396176 0.09400388598442078 1406
1784394396179 0.10077126324176788 1407
1784394396182 0.09599170088768005 1408
1784394396185 0.12340711057186127 1409
1784394396188 0.0808122307062149 1410
1784394396191 0.09737980365753174 1411
1784394396193 0.10156699270009995 1412
1784394396196 0.10551242530345917 1413
1784394396198 0.08457373082637787 1414
1784394396201 0.09556755423545837 1415
1784394396203 0.08741536736488342 1416
1784394396206 0.08143025636672974 1417
1784394396208 0.07694364339113235 1418
1784394396211 0.11062425374984741 1419
1784394396214 0.10936418175697327 1420
1784394396217 0.09117775410413742 1421
1784394396219 0.06558456271886826 1422
1784394396222 0.07080121338367462 1423
1784394396225 0.08648540079593658 1424
1784394396227 0.10293050110340118 1425
1784394396230 0.07419656217098236 1426
1784394396233 0.05955834686756134 1427
1784394396236 0.08597434312105179 1428
1784394396239 0.09952346980571747 1429
1784394396241 0.07229676097631454 1430
1784394396244 0.07126177847385406 1431
1784394396246 0.0748734399676323 1432
1784394396249 0.08206833153963089 1433
1784394396251 0.07735329121351242 1434
1784394396254 0.08735926449298859 1435
1784394396257 0.07227715849876404 1436
1784394396259 0.10037484019994736 1437
1784394396262 0.08803695440292358 1438
1784394396264 0.0943748950958252 1439
1784394396267 0.09572727233171463 1440
1784394396270 0.10752203315496445 1441
1784394396273 0.08808039128780365 1442
1784394396276 0.1318262219429016 1443
1784394396279 0.10150617361068726 1444
1784394396282 0.12904515862464905 1445
1784394396285 0.11138364672660828 1446
1784394396287 0.12474893033504486 1447
1784394396289 0.1160624548792839 1448
1784394396292 0.1126052588224411 1449
1784394396294 0.14457961916923523 1450
1784394396297 0.128217875957489 1451
1784394396299 0.13568520545959473 1452
1784394396302 0.12911833822727203 1453
1784394396305 0.0898234099149704 1454
1784394396307 0.1405641883611679 1455
1784394396310 0.12363095581531525 1456
1784394396312 0.16558165848255157 1457
1784394396315 0.16605176031589508 1458
1784394396318 0.19127745926380157 1459
1784394396320 0.18668048083782196 1460
1784394396322 0.1326529085636139 1461
1784394396324 0.19437618553638458 1462
1784394396327 0.1844969093799591 1463
1784394396329 0.10845526307821274 1464
1784394396332 0.14327064156532288 1465
1784394396334 0.1259244829416275 1466
1784394396336 0.12111888825893402 1467
1784394396339 0.13505664467811584 1468
1784394396341 0.09101644158363342 1469
1784394396343 0.12273673713207245 1470
1784394396346 0.08554120361804962 1471
1784394396348 0.10723245143890381 1472
1784394396350 0.08554165810346603 1473
1784394396353 0.11163267493247986 1474
1784394396355 0.0891650840640068 1475
1784394396358 0.10371659696102142 1476
1784394396361 0.10045386850833893 1477
1784394396363 0.0775228962302208 1478
1784394396365 0.09544674307107925 1479
1784394396368 0.07313071191310883 1480
1784394396370 0.08062884211540222 1481
1784394396373 0.06787353754043579 1482
1784394396375 0.08397039026021957 1483
1784394396378 0.0717746764421463 1484
1784394396380 0.10330792516469955 1485
1784394396382 0.0805065706372261 1486
1784394396385 0.09013530611991882 1487
1784394396387 0.11881863325834274 1488
1784394396390 0.07843287289142609 1489
1784394396393 0.0911695659160614 1490
1784394396396 0.12150144577026367 1491
1784394396399 0.06852684915065765 1492
1784394396402 0.13920120894908905 1493
1784394396405 0.10262420028448105 1494
1784394396407 0.11669763177633286 1495
1784394396410 0.11383425444364548 1496
1784394396412 0.1107797771692276 1497
1784394396415 0.1372639387845993 1498
1784394396417 0.15997691452503204 1499
1784394396419 0.08151368051767349 1500
1784394396422 0.11662900447845459 1501
1784394396424 0.09297212958335876 1502
1784394396427 0.08399206399917603 1503
1784394396429 0.0961802676320076 1504
1784394396432 0.11300571262836456 1505
1784394396435 0.07973641157150269 1506
1784394396438 0.1040889099240303 1507
1784394396440 0.11656343936920166 1508
1784394396443 0.06645379960536957 1509
1784394396446 0.11613237857818604 1510
1784394396450 0.13853198289871216 1511
1784394396452 0.09753602743148804 1512
1784394396456 0.0992114394903183 1513
1784394396458 0.11468848586082458 1514
1784394396462 0.1133783683180809 1515
1784394396464 0.09686070680618286 1516
1784394396467 0.16496741771697998 1517
1784394396469 0.1404232531785965 1518
1784394396472 0.13105396926403046 1519
1784394396474 0.11119755357503891 1520
1784394396476 0.1427430510520935 1521
1784394396479 0.11115123331546783 1522
1784394396481 0.16380955278873444 1523
1784394396484 0.1757785826921463 1524
1784394396486 0.10844992101192474 1525
1784394396488 0.15633873641490936 1526
1784394396491 0.09618713706731796 1527
1784394396493 0.15654918551445007 1528
1784394396496 0.11481182277202606 1529
1784394396498 0.12228524684906006 1530
1784394396501 0.09322289377450943 1531
1784394396504 0.1163380891084671 1532
1784394396506 0.09918997436761856 1533
1784394396509 0.12962117791175842 1534
1784394396511 0.07898210734128952 1535
1784394396514 0.11999505013227463 1536
1784394396517 0.0786779448390007 1537
1784394396520 0.1034354567527771 1538
1784394396523 0.10635792464017868 1539
1784394396525 0.07839943468570709 1540
1784394396528 0.08823846280574799 1541
1784394396530 0.08935850113630295 1542
1784394396532 0.06951148062944412 1543
1784394396535 0.10745898634195328 1544
1784394396537 0.09148727357387543 1545
1784394396540 0.06352303177118301 1546
1784394396542 0.08767327666282654 1547
1784394396545 0.07181982696056366 1548
1784394396548 0.07378050684928894 1549
1784394396550 0.08050452917814255 1550
1784394396553 0.06796270608901978 1551
1784394396555 0.061760302633047104 1552
1784394396558 0.07065532356500626 1553
1784394396560 0.07670983672142029 1554
1784394396563 0.05076437443494797 1555
1784394396565 0.07281620800495148 1556
1784394396567 0.062353868037462234 1557
1784394396570 0.046227969229221344 1558
1784394396573 0.06794102489948273 1559
1784394396576 0.059209875762462616 1560
1784394396578 0.07833623886108398 1561
1784394396580 0.0658910870552063 1562
1784394396583 0.0636075809597969 1563
1784394396585 0.08389021456241608 1564
1784394396588 0.07037989795207977 1565
1784394396591 0.0594169944524765 1566
1784394396593 0.08553697168827057 1567
1784394396596 0.06933671236038208 1568
1784394396599 0.07706759870052338 1569
1784394396601 0.0984080582857132 1570
1784394396603 0.07227565348148346 1571
1784394396606 0.07733982801437378 1572
1784394396608 0.09902237355709076 1573
1784394396611 0.07713646441698074 1574
1784394396614 0.09897519648075104 1575
1784394396617 0.08080323785543442 1576
1784394396619 0.09855519235134125 1577
1784394396621 0.0835324078798294 1578
1784394396623 0.07288619875907898 1579
1784394396626 0.09215644001960754 1580
1784394396628 0.07843055576086044 1581
1784394396631 0.07260405272245407 1582
1784394396633 0.06826414167881012 1583
1784394396636 0.09638196229934692 1584
1784394396638 0.10207619518041611 1585
1784394396641 0.10695818811655045 1586
1784394396643 0.1436329483985901 1587
1784394396646 0.141449972987175 1588
1784394396648 0.10326385498046875 1589
1784394396650 0.1598866879940033 1590
1784394396653 0.0890115350484848 1591
1784394396656 0.13568681478500366 1592
1784394396658 0.14045313000679016 1593
1784394396661 0.10608607530593872 1594
1784394396664 0.15407511591911316 1595
1784394396666 0.09748837351799011 1596
1784394396669 0.1511777639389038 1597
1784394396672 0.15499132871627808 1598
1784394396675 0.09766346216201782 1599
1784394396677 0.139967679977417 1600
1784394396680 0.13524846732616425 1601
1784394396683 0.06247547268867493 1602
1784394396686 0.14908084273338318 1603
1784394396688 0.1292908638715744 1604
1784394396690 0.10976175963878632 1605
1784394396693 0.1405162364244461 1606
1784394396695 0.09735484421253204 1607
1784394396698 0.13758596777915955 1608
1784394396700 0.13226976990699768 1609
1784394396702 0.10052985697984695 1610
1784394396705 0.13415305316448212 1611
1784394396707 0.14586259424686432 1612
1784394396710 0.0776105746626854 1613
1784394396712 0.144845649600029 1614
1784394396715 0.14575500786304474 1615
1784394396718 0.09806694835424423 1616
1784394396720 0.12728595733642578 1617
1784394396723 0.151451975107193 1618
1784394396725 0.11872551590204239 1619
1784394396729 0.1292658895254135 1620
1784394396731 0.12009184062480927 1621
1784394396734 0.11773139983415604 1622
1784394396736 0.06552264094352722 1623
1784394396739 0.137178435921669 1624
1784394396742 0.11731594800949097 1625
1784394396745 0.11549142748117447 1626
1784394396747 0.11868332326412201 1627
1784394396750 0.0917944684624672 1628
1784394396754 0.09725254774093628 1629
1784394396757 0.09680719673633575 1630
1784394396760 0.09454367309808731 1631
1784394396763 0.1512177586555481 1632
1784394396766 0.09067314118146896 1633
1784394396768 0.152319997549057 1634
1784394396772 0.16336455941200256 1635
1784394396775 0.10822880268096924 1636
1784394396778 0.1802893877029419 1637
1784394396781 0.19504201412200928 1638
1784394396784 0.1606011688709259 1639
1784394396787 0.15047965943813324 1640
1784394396790 0.19993576407432556 1641
1784394396794 0.18458890914916992 1642
1784394396796 0.16409607231616974 1643
1784394396799 0.21144911646842957 1644
1784394396802 0.18004655838012695 1645
1784394396804 0.12555676698684692 1646
1784394396807 0.17110446095466614 1647
1784394396810 0.1083943247795105 1648
1784394396813 0.14121276140213013 1649
1784394396815 0.15523800253868103 1650
1784394396818 0.09834807366132736 1651
1784394396820 0.14987747371196747 1652
1784394396822 0.12693817913532257 1653
1784394396825 0.09859801828861237 1654
1784394396828 0.11062519252300262 1655
1784394396831 0.11000069975852966 1656
1784394396834 0.14123061299324036 1657
1784394396837 0.10103117674589157 1658
1784394396840 0.1184203028678894 1659
1784394396843 0.11939852684736252 1660
1784394396845 0.1006753072142601 1661
1784394396848 0.12336720526218414 1662
1784394396850 0.0851287841796875 1663
1784394396853 0.08598388731479645 1664
1784394396856 0.08346334099769592 1665
1784394396858 0.09054983407258987 1666
1784394396861 0.07834632694721222 1667
1784394396863 0.09398839622735977 1668
1784394396866 0.10630563646554947 1669
1784394396869 0.09296493232250214 1670
1784394396872 0.08647438883781433 1671
1784394396875 0.1103312075138092 1672
1784394396877 0.09330631792545319 1673
1784394396879 0.09599852561950684 1674
1784394396882 0.08449538797140121 1675
1784394396884 0.10212001949548721 1676
1784394396887 0.10980038344860077 1677
1784394396889 0.07257157564163208 1678
1784394396892 0.09947389364242554 1679
1784394396895 0.11709342896938324 1680
1784394396898 0.11196593195199966 1681
1784394396900 0.08005011081695557 1682
1784394396903 0.09799796342849731 1683
1784394396906 0.09835579991340637 1684
1784394396910 0.105387844145298 1685
1784394396912 0.12499929219484329 1686
1784394396915 0.09701983630657196 1687
1784394396917 0.12991350889205933 1688
1784394396919 0.1251613348722458 1689
1784394396922 0.10852761566638947 1690
1784394396924 0.09848324209451675 1691
1784394396926 0.13265572488307953 1692
1784394396929 0.10667608678340912 1693
1784394396932 0.13151335716247559 1694
1784394396935 0.12760157883167267 1695
1784394396938 0.12086693197488785 1696
1784394396941 0.1430070847272873 1697
1784394396943 0.11805957555770874 1698
1784394396946 0.10002451390028 1699
1784394396949 0.13292621076107025 1700
1784394396952 0.1283300518989563 1701
1784394396955 0.09631773829460144 1702
1784394396957 0.10121230036020279 1703
1784394396960 0.10480466485023499 1704
1784394396963 0.10204824060201645 1705
1784394396966 0.10904239118099213 1706
1784394396969 0.06976666301488876 1707
1784394396972 0.10668966174125671 1708
1784394396974 0.10497871786355972 1709
1784394396977 0.0823434442281723 1710
1784394396980 0.10373210906982422 1711
1784394396983 0.06171030178666115 1712
1784394396985 0.09566619992256165 1713
1784394396988 0.07001447677612305 1714
1784394396991 0.07414419203996658 1715
1784394396994 0.09368041902780533 1716
1784394396997 0.07769107073545456 1717
1784394396999 0.10149043798446655 1718
1784394397002 0.08118850737810135 1719
1784394397004 0.08555170893669128 1720
1784394397008 0.100298210978508 1721
1784394397010 0.08258413523435593 1722
1784394397013 0.09531304240226746 1723
1784394397016 0.0706576332449913 1724
1784394397019 0.07118090242147446 1725
1784394397022 0.07787542790174484 1726
1784394397024 0.09608346223831177 1727
1784394397027 0.10796520113945007 1728
1784394397030 0.07701130211353302 1729
1784394397033 0.057185448706150055 1730
1784394397035 0.07573741674423218 1731
1784394397038 0.07999202609062195 1732
1784394397041 0.05631259083747864 1733
1784394397044 0.06349778175354004 1734
1784394397046 0.09019050747156143 1735
1784394397049 0.06542229652404785 1736
1784394397052 0.08667211979627609 1737
1784394397054 0.09117169678211212 1738
1784394397057 0.10158492624759674 1739
1784394397060 0.08197981119155884 1740
1784394397063 0.09865565598011017 1741
1784394397065 0.13763004541397095 1742
1784394397068 0.12063314765691757 1743
1784394397071 0.0801749974489212 1744
1784394397074 0.11196362972259521 1745
1784394397076 0.06878264993429184 1746
1784394397078 0.12598763406276703 1747
1784394397081 0.1551685631275177 1748
1784394397083 0.09075464308261871 1749
1784394397085 0.12255585938692093 1750
1784394397088 0.1402551531791687 1751
1784394397090 0.12330998480319977 1752
1784394397093 0.08349210023880005 1753
1784394397096 0.13961131870746613 1754
1784394397099 0.09851910173892975 1755
1784394397102 0.10044504702091217 1756
1784394397105 0.07806318998336792 1757
1784394397107 0.07353843003511429 1758
1784394397110 0.07553020119667053 1759
1784394397112 0.10700127482414246 1760
1784394397115 0.07757387310266495 1761
1784394397118 0.07538947463035583 1762
1784394397120 0.08364282548427582 1763
1784394397123 0.09702058881521225 1764
1784394397126 0.05809471756219864 1765
1784394397129 0.10450711101293564 1766
1784394397131 0.10925227403640747 1767
1784394397134 0.08972673863172531 1768
1784394397136 0.11643236130475998 1769
1784394397139 0.10933192074298859 1770
1784394397142 0.11285580694675446 1771
1784394397144 0.15444499254226685 1772
1784394397147 0.10128962993621826 1773
1784394397149 0.10536809265613556 1774
1784394397151 0.10849861055612564 1775
1784394397153 0.0894988626241684 1776
1784394397156 0.08401835709810257 1777
1784394397158 0.1165352538228035 1778
1784394397160 0.07404439151287079 1779
1784394397162 0.08023960888385773 1780
1784394397164 0.11169316619634628 1781
1784394397167 0.08772683143615723 1782
1784394397170 0.0844646692276001 1783
1784394397173 0.12758906185626984 1784
1784394397175 0.09818083047866821 1785
1784394397178 0.07692652195692062 1786
1784394397180 0.0825352743268013 1787
1784394397183 0.09564896672964096 1788
1784394397185 0.057141825556755066 1789
1784394397189 0.08025102317333221 1790
1784394397191 0.07370568811893463 1791
1784394397194 0.07721903920173645 1792
1784394397197 0.04860001429915428 1793
1784394397199 0.06402014195919037 1794
1784394397201 0.056291934102773666 1795
1784394397203 0.08407026529312134 1796
1784394397206 0.06492224335670471 1797
1784394397208 0.06781233102083206 1798
1784394397211 0.07359626144170761 1799
1784394397213 0.09864941239356995 1800
1784394397216 0.07112943381071091 1801
1784394397218 0.06224096566438675 1802
1784394397220 0.07410553842782974 1803
1784394397222 0.08805105835199356 1804
1784394397226 0.07645933330059052 1805
1784394397228 0.05134708434343338 1806
1784394397231 0.06844820827245712 1807
1784394397233 0.07439202815294266 1808
1784394397236 0.07888850569725037 1809
1784394397239 0.06995534151792526 1810
1784394397242 0.0678146481513977 1811
1784394397244 0.11164867877960205 1812
1784394397247 0.08859521150588989 1813
1784394397249 0.08981751650571823 1814
1784394397252 0.09748826920986176 1815
1784394397255 0.08175492286682129 1816
1784394397258 0.12540629506111145 1817
1784394397261 0.12624281644821167 1818
1784394397263 0.06969612091779709 1819
1784394397266 0.11261951923370361 1820
1784394397269 0.09202265739440918 1821
1784394397272 0.07136466354131699 1822
1784394397275 0.11279058456420898 1823
1784394397278 0.10822777450084686 1824
1784394397281 0.08184468746185303 1825
1784394397284 0.1265861839056015 1826
1784394397286 0.10467010736465454 1827
1784394397289 0.11195649951696396 1828
1784394397292 0.12355880439281464 1829
1784394397295 0.1258571445941925 1830
1784394397298 0.11228911578655243 1831
1784394397300 0.0851956158876419 1832
1784394397303 0.13789725303649902 1833
1784394397306 0.12753087282180786 1834
1784394397308 0.08769858628511429 1835
1784394397311 0.12792682647705078 1836
1784394397313 0.11860932409763336 1837
1784394397316 0.10262293368577957 1838
1784394397318 0.09505610167980194 1839
1784394397321 0.11584654450416565 1840
1784394397324 0.06040956452488899 1841
1784394397326 0.09847436845302582 1842
1784394397329 0.06820446997880936 1843
1784394397331 0.1132081001996994 1844
1784394397333 0.09183107316493988 1845
1784394397336 0.10136587172746658 1846
1784394397338 0.1081460639834404 1847
1784394397341 0.12294448167085648 1848
1784394397343 0.12696443498134613 1849
1784394397345 0.07249628752470016 1850
1784394397348 0.10147053003311157 1851
1784394397351 0.11350187659263611 1852
1784394397354 0.10198432952165604 1853
1784394397357 0.11811795830726624 1854
1784394397359 0.07994883507490158 1855
1784394397362 0.10499607026576996 1856
1784394397365 0.08645454049110413 1857
1784394397368 0.10032686591148376 1858
1784394397371 0.12179002165794373 1859
1784394397374 0.06725776940584183 1860
1784394397377 0.1020626574754715 1861
1784394397380 0.07914905250072479 1862
1784394397382 0.07789044827222824 1863
1784394397385 0.06710269302129745 1864
1784394397387 0.0798736959695816 1865
1784394397390 0.0727379098534584 1866
1784394397392 0.07593228667974472 1867
1784394397395 0.0681689903140068 1868
1784394397398 0.0790100172162056 1869
1784394397400 0.05831445753574371 1870
1784394397403 0.1032218337059021 1871
1784394397408 0.09900423884391785 1872
1784394397411 0.07719647884368896 1873
1784394397414 0.08426906913518906 1874
