1784393507772 133.61856079101562 0
1784393507779 117.3062744140625 1
1784393507783 90.85564422607422 2
1784393507788 95.94752502441406 3
1784393507793 100.4177474975586 4
1784393507798 89.59490966796875 5
1784393507803 78.6640396118164 6
1784393507808 81.70587921142578 7
1784393507813 70.29428100585938 8
1784393507818 73.39657592773438 9
1784393507823 74.70208740234375 10
1784393507829 72.375732421875 11
1784393507834 68.15773010253906 12
1784393507840 64.9234390258789 13
1784393507846 70.89476013183594 14
1784393507855 60.54865264892578 15
1784393507865 57.668975830078125 16
1784393507870 59.858585357666016 17
1784393507877 58.64533996582031 18
1784393507883 60.167015075683594 19
1784393507888 55.32640075683594 20
1784393507893 57.35974884033203 21
1784393507898 55.141944885253906 22
1784393507903 51.71930694580078 23
1784393507908 54.09571075439453 24
1784393507914 52.68818283081055 25
1784393507919 52.914085388183594 26
1784393507925 45.719482421875 27
1784393507931 48.43731689453125 28
1784393507938 46.193397521972656 29
1784393507945 45.94716262817383 30
1784393507954 44.46750259399414 31
1784393507959 43.28639221191406 32
1784393507985 44.77569580078125 33
1784393507996 45.53458786010742 34
1784393508002 40.65243148803711 35
1784393508007 47.0887565612793 36
1784393508013 44.91886901855469 37
1784393508018 41.54538345336914 38
1784393508024 41.00651931762695 39
1784393508029 39.27043151855469 40
1784393508034 41.370975494384766 41
1784393508039 37.130210876464844 42
1784393508044 35.842403411865234 43
1784393508051 39.320899963378906 44
1784393508056 34.63392639160156 45
1784393508062 33.16029739379883 46
1784393508067 37.18092727661133 47
1784393508071 34.702720642089844 48
1784393508076 35.56563186645508 49
1784393508081 36.55127716064453 50
1784393508087 33.52496337890625 51
1784393508092 37.91156768798828 52
1784393508097 34.171112060546875 53
1784393508103 34.711021423339844 54
1784393508108 36.99048614501953 55
1784393508112 32.83467483520508 56
1784393508117 32.22510528564453 57
1784393508122 31.157697677612305 58
1784393508127 35.521888732910156 59
1784393508132 33.67732238769531 60
1784393508136 32.71873092651367 61
1784393508142 34.60647201538086 62
1784393508147 33.02412414550781 63
1784393508152 36.28289031982422 64
1784393508157 35.782745361328125 65
1784393508164 34.73748016357422 66
1784393508169 28.928043365478516 67
1784393508174 34.52756118774414 68
1784393508181 35.65238952636719 69
1784393508186 33.00778579711914 70
1784393508191 29.122655868530273 71
1784393508197 30.547466278076172 72
1784393508202 34.390384674072266 73
1784393508208 32.183223724365234 74
1784393508215 28.4677791595459 75
1784393508220 34.60551071166992 76
1784393508225 34.67210006713867 77
1784393508230 34.323646545410156 78
1784393508236 31.666479110717773 79
1784393508245 32.158546447753906 80
1784393508254 31.362838745117188 81
1784393508263 26.640361785888672 82
1784393508272 30.018821716308594 83
1784393508278 33.912925720214844 84
1784393508283 31.4500732421875 85
1784393508288 32.642234802246094 86
1784393508294 32.06555938720703 87
1784393508299 31.17859649658203 88
1784393508305 25.98554039001465 89
1784393508312 32.22574234008789 90
1784393508319 31.885648727416992 91
1784393508323 34.88909912109375 92
1784393508329 30.050554275512695 93
1784393508332 27.9403018951416 94
1784393508337 32.12672805786133 95
1784393508342 29.246946334838867 96
1784393508346 30.008506774902344 97
1784393508350 25.70345687866211 98
1784393508353 25.44748878479004 99
1784393508357 30.83591079711914 100
1784393508360 27.811511993408203 101
1784393508365 25.853588104248047 102
1784393508369 28.15679931640625 103
1784393508373 25.726823806762695 104
1784393508376 26.687175750732422 105
1784393508379 27.755306243896484 106
1784393508382 27.18764305114746 107
1784393508386 25.035079956054688 108
1784393508391 26.888898849487305 109
1784393508394 26.60154914855957 110
1784393508397 22.70969581604004 111
1784393508401 26.52642059326172 112
1784393508404 25.21669578552246 113
1784393508407 26.753463745117188 114
1784393508410 27.541244506835938 115
1784393508412 27.95149040222168 116
1784393508415 23.145662307739258 117
1784393508418 24.014122009277344 118
1784393508421 26.833112716674805 119
1784393508424 25.39369010925293 120
1784393508427 30.017581939697266 121
1784393508429 22.011417388916016 122
1784393508432 27.053367614746094 123
1784393508435 29.94611358642578 124
1784393508438 26.890966415405273 125
1784393508441 26.415607452392578 126
1784393508445 28.15604591369629 127
1784393508449 23.577037811279297 128
1784393508452 25.596302032470703 129
1784393508455 28.597904205322266 130
1784393508458 22.930177688598633 131
1784393508461 28.668630599975586 132
1784393508464 24.426555633544922 133
1784393508467 23.29535484313965 134
1784393508471 26.875492095947266 135
1784393508473 23.00566864013672 136
1784393508477 26.671112060546875 137
1784393508480 28.46800994873047 138
1784393508482 23.766273498535156 139
1784393508485 22.81345558166504 140
1784393508488 24.1446475982666 141
1784393508492 23.431644439697266 142
1784393508496 23.18277931213379 143
1784393508499 27.239648818969727 144
1784393508502 25.067079544067383 145
1784393508505 25.723955154418945 146
1784393508507 27.929227828979492 147
1784393508511 25.48114585876465 148
1784393508515 24.363933563232422 149
1784393508518 29.074975967407227 150
1784393508521 26.01935577392578 151
1784393508525 25.251262664794922 152
1784393508528 24.329111099243164 153
1784393508532 23.17867660522461 154
1784393508536 29.588321685791016 155
1784393508538 23.591882705688477 156
1784393508543 25.77507209777832 157
1784393508552 25.122570037841797 158
1784393508556 26.094629287719727 159
1784393508560 23.110990524291992 160
1784393508564 25.529699325561523 161
1784393508567 26.60817527770996 162
1784393508569 23.494674682617188 163
1784393508574 28.48987579345703 164
1784393508576 25.187973022460938 165
1784393508580 24.173738479614258 166
1784393508584 28.556865692138672 167
1784393508588 27.570987701416016 168
1784393508592 22.824440002441406 169
1784393508595 27.788480758666992 170
1784393508599 25.42298698425293 171
1784393508602 26.045948028564453 172
1784393508605 26.77921485900879 173
1784393508608 23.943031311035156 174
1784393508612 22.68722152709961 175
1784393508615 28.937177658081055 176
1784393508619 26.97762680053711 177
1784393508622 24.577987670898438 178
1784393508625 25.306068420410156 179
1784393508628 26.956623077392578 180
1784393508633 25.65403938293457 181
1784393508636 24.9006404876709 182
1784393508640 25.642902374267578 183
1784393508644 24.66210174560547 184
1784393508647 25.886213302612305 185
1784393508651 26.80015754699707 186
1784393508655 22.92071533203125 187
1784393508659 24.019067764282227 188
1784393508663 24.267946243286133 189
1784393508666 23.990474700927734 190
1784393508670 24.9732723236084 191
1784393508674 25.1541748046875 192
1784393508678 24.789024353027344 193
1784393508682 20.449533462524414 194
1784393508688 27.015838623046875 195
1784393508696 23.275007247924805 196
1784393508702 22.22109603881836 197
1784393508708 24.864015579223633 198
1784393508713 20.15538787841797 199
1784393508716 24.351688385009766 200
1784393508719 29.014877319335938 201
1784393508722 21.302181243896484 202
1784393508725 29.420351028442383 203
1784393508729 26.800615310668945 204
1784393508734 25.257516860961914 205
1784393508738 26.569717407226562 206
1784393508742 25.583635330200195 207
1784393508745 23.55929946899414 208
1784393508749 25.476564407348633 209
1784393508752 25.989086151123047 210
1784393508755 22.28205108642578 211
1784393508758 23.37839126586914 212
1784393508761 26.092159271240234 213
1784393508764 21.036109924316406 214
1784393508768 24.199508666992188 215
1784393508771 20.39263153076172 216
1784393508773 19.76101303100586 217
1784393508777 23.58439064025879 218
1784393508780 21.879383087158203 219
1784393508784 22.469079971313477 220
1784393508786 24.34977149963379 221
1784393508790 22.167177200317383 222
1784393508793 24.63789939880371 223
1784393508795 23.278717041015625 224
1784393508799 19.235015869140625 225
1784393508802 28.022584915161133 226
1784393508805 21.293445587158203 227
1784393508808 20.969758987426758 228
1784393508810 21.917760848999023 229
1784393508814 20.532394409179688 230
1784393508817 21.636995315551758 231
1784393508821 20.27758026123047 232
1784393508824 21.318771362304688 233
1784393508827 20.98873519897461 234
1784393508831 21.66649627685547 235
1784393508834 22.453136444091797 236
1784393508837 22.36307716369629 237
1784393508840 21.57329559326172 238
1784393508844 23.872472763061523 239
1784393508847 20.812225341796875 240
1784393508852 20.615936279296875 241
1784393508855 24.35299301147461 242
1784393508858 20.549415588378906 243
1784393508861 20.648746490478516 244
1784393508865 26.252798080444336 245
1784393508868 21.532297134399414 246
1784393508872 21.77385711669922 247
1784393508876 26.678874969482422 248
1784393508878 21.410888671875 249
1784393508881 24.534679412841797 250
1784393508883 26.46256446838379 251
1784393508886 19.908769607543945 252
1784393508888 21.807510375976562 253
1784393508890 22.470674514770508 254
1784393508893 22.270055770874023 255
1784393508895 25.459030151367188 256
1784393508897 22.904056549072266 257
1784393508900 22.4005184173584 258
1784393508903 23.445838928222656 259
1784393508907 24.620336532592773 260
1784393508910 23.102603912353516 261
1784393508913 19.83328628540039 262
1784393508916 21.894392013549805 263
1784393508919 21.12763214111328 264
1784393508922 21.05653953552246 265
1784393508925 24.713138580322266 266
1784393508928 22.32616424560547 267
1784393508932 23.302234649658203 268
1784393508935 27.507007598876953 269
1784393508938 21.37637710571289 270
1784393508941 20.92955780029297 271
1784393508943 25.01807403564453 272
1784393508945 20.658554077148438 273
1784393508948 20.799043655395508 274
1784393508950 21.144989013671875 275
1784393508952 22.66609001159668 276
1784393508954 20.701324462890625 277
1784393508956 24.347248077392578 278
1784393508958 21.209625244140625 279
1784393508960 22.083555221557617 280
1784393508962 21.52716636657715 281
1784393508965 22.383846282958984 282
1784393508968 22.488819122314453 283
1784393508972 24.822227478027344 284
1784393508976 23.263521194458008 285
1784393508980 21.852371215820312 286
1784393508983 20.56728172302246 287
1784393508986 18.394330978393555 288
1784393508988 19.682498931884766 289
1784393508992 19.827634811401367 290
1784393508994 22.216100692749023 291
1784393508998 18.930316925048828 292
1784393509001 18.492206573486328 293
1784393509005 21.14574432373047 294
1784393509008 17.34953498840332 295
1784393509012 18.433576583862305 296
1784393509016 20.19227409362793 297
1784393509019 18.29547882080078 298
1784393509023 21.890417098999023 299
1784393509027 21.069808959960938 300
1784393509030 19.45644760131836 301
1784393509033 23.029640197753906 302
1784393509036 23.022932052612305 303
1784393509040 20.759782791137695 304
1784393509043 21.477067947387695 305
1784393509045 22.248184204101562 306
1784393509048 22.508420944213867 307
1784393509051 20.380264282226562 308
1784393509054 18.287128448486328 309
1784393509056 20.089508056640625 310
1784393509059 19.31387710571289 311
1784393509062 20.10865592956543 312
1784393509065 19.128314971923828 313
1784393509068 22.518949508666992 314
1784393509071 20.25948715209961 315
1784393509075 20.605348587036133 316
1784393509078 23.892253875732422 317
1784393509081 16.289335250854492 318
1784393509084 22.39984130859375 319
1784393509088 22.906248092651367 320
1784393509091 16.298580169677734 321
1784393509094 22.4259033203125 322
1784393509097 17.465160369873047 323
1784393509101 18.895437240600586 324
1784393509104 21.210126876831055 325
1784393509107 19.580190658569336 326
1784393509110 17.619970321655273 327
1784393509113 19.70171546936035 328
1784393509115 19.699462890625 329
1784393509118 16.959583282470703 330
1784393509120 17.565656661987305 331
1784393509123 19.55908966064453 332
1784393509126 18.23564910888672 333
1784393509129 19.421768188476562 334
1784393509131 19.277286529541016 335
1784393509135 18.431106567382812 336
1784393509137 18.338621139526367 337
1784393509140 18.343093872070312 338
1784393509143 20.78297996520996 339
1784393509146 19.71776008605957 340
1784393509149 19.64586639404297 341
1784393509152 20.701412200927734 342
1784393509155 18.138582229614258 343
1784393509158 19.82978057861328 344
1784393509160 18.402734756469727 345
1784393509163 19.65945053100586 346
1784393509167 19.631559371948242 347
1784393509170 18.49500274658203 348
1784393509172 20.811344146728516 349
1784393509175 17.808208465576172 350
1784393509178 19.295915603637695 351
1784393509181 21.315582275390625 352
1784393509184 16.534807205200195 353
1784393509187 18.872121810913086 354
1784393509190 18.191802978515625 355
1784393509193 18.94029998779297 356
1784393509197 19.385595321655273 357
1784393509199 19.3426456451416 358
1784393509202 20.427265167236328 359
1784393509204 19.512224197387695 360
1784393509206 18.965534210205078 361
1784393509209 19.111799240112305 362
1784393509211 17.684310913085938 363
1784393509213 17.05862045288086 364
1784393509215 18.576885223388672 365
1784393509217 18.110816955566406 366
1784393509220 17.687271118164062 367
1784393509222 17.991352081298828 368
1784393509225 18.56816291809082 369
1784393509228 16.253538131713867 370
1784393509231 17.979570388793945 371
1784393509234 19.703771591186523 372
1784393509237 17.107601165771484 373
1784393509240 15.981714248657227 374
1784393509243 17.900794982910156 375
1784393509247 18.388391494750977 376
1784393509250 17.21998405456543 377
1784393509253 15.057493209838867 378
1784393509256 17.158506393432617 379
1784393509259 17.7905216217041 380
1784393509263 15.333325386047363 381
1784393509266 17.75382423400879 382
1784393509270 16.487131118774414 383
1784393509273 14.611491203308105 384
1784393509277 17.786334991455078 385
1784393509280 16.72520637512207 386
1784393509284 16.9423770904541 387
1784393509287 19.7496395111084 388
1784393509290 17.223365783691406 389
1784393509294 19.808738708496094 390
1784393509297 17.142057418823242 391
1784393509301 16.166479110717773 392
1784393509304 21.27056121826172 393
1784393509308 19.515689849853516 394
1784393509311 19.73107147216797 395
1784393509315 19.91706085205078 396
1784393509318 18.772449493408203 397
1784393509320 18.275114059448242 398
1784393509323 20.266185760498047 399
1784393509327 15.313501358032227 400
1784393509331 18.690664291381836 401
1784393509333 19.2973575592041 402
1784393509337 15.971929550170898 403
1784393509340 16.36782455444336 404
1784393509342 20.250102996826172 405
1784393509345 18.620319366455078 406
1784393509348 18.67467498779297 407
1784393509351 19.086986541748047 408
1784393509354 18.053754806518555 409
1784393509356 16.552541732788086 410
1784393509359 19.085227966308594 411
1784393509362 17.49142074584961 412
1784393509366 18.651458740234375 413
1784393509369 20.47209930419922 414
1784393509371 20.66555404663086 415
1784393509374 20.313941955566406 416
1784393509377 18.917036056518555 417
1784393509380 21.4775390625 418
1784393509382 17.969518661499023 419
1784393509386 17.581174850463867 420
1784393509389 20.168956756591797 421
1784393509392 18.95962142944336 422
1784393509395 16.112754821777344 423
1784393509398 20.26865577697754 424
1784393509401 19.90096664428711 425
1784393509404 17.80491828918457 426
1784393509407 18.4108829498291 427
1784393509410 22.398208618164062 428
1784393509412 16.19595718383789 429
1784393509414 17.50556182861328 430
1784393509417 17.353748321533203 431
1784393509420 15.70041275024414 432
1784393509422 17.522756576538086 433
1784393509424 18.626502990722656 434
1784393509427 19.760805130004883 435
1784393509430 18.492624282836914 436
1784393509434 19.561805725097656 437
1784393509437 17.450002670288086 438
1784393509440 16.22015380859375 439
1784393509443 16.380908966064453 440
1784393509446 17.612010955810547 441
1784393509449 18.38433265686035 442
1784393509453 17.12506675720215 443
1784393509457 17.4219970703125 444
1784393509461 16.193649291992188 445
1784393509464 19.218015670776367 446
1784393509467 16.979902267456055 447
1784393509470 16.507104873657227 448
1784393509473 16.436763763427734 449
1784393509476 16.773357391357422 450
1784393509478 14.522588729858398 451
1784393509481 17.53212547302246 452
1784393509484 13.636887550354004 453
1784393509487 15.49863338470459 454
1784393509490 15.387328147888184 455
1784393509493 16.589290618896484 456
1784393509496 15.992351531982422 457
1784393509499 18.268115997314453 458
1784393509502 18.658931732177734 459
1784393509505 17.297138214111328 460
1784393509508 19.251482009887695 461
1784393509511 17.462806701660156 462
1784393509514 17.874046325683594 463
1784393509517 18.553903579711914 464
1784393509519 16.085132598876953 465
1784393509522 16.944448471069336 466
1784393509525 16.93537712097168 467
1784393509528 16.865880966186523 468
1784393509530 18.355146408081055 469
1784393509533 19.33817481994629 470
1784393509536 18.433366775512695 471
1784393509539 19.5451602935791 472
1784393509542 17.555828094482422 473
1784393509544 18.199365615844727 474
1784393509547 20.15234375 475
1784393509550 16.4971981048584 476
1784393509553 21.852073669433594 477
1784393509556 20.952287673950195 478
1784393509559 18.347143173217773 479
1784393509561 22.066556930541992 480
1784393509564 20.553030014038086 481
1784393509568 19.904743194580078 482
1784393509580 18.706562042236328 483
1784393509582 20.550281524658203 484
1784393509586 18.819454193115234 485
1784393509589 20.447025299072266 486
1784393509592 20.01784896850586 487
1784393509595 16.85103416442871 488
1784393509598 17.49709701538086 489
1784393509602 17.70126724243164 490
1784393509605 14.502368927001953 491
1784393509608 17.35850715637207 492
1784393509611 16.754016876220703 493
1784393509614 14.179522514343262 494
1784393509617 16.606245040893555 495
1784393509620 15.43963623046875 496
1784393509623 14.579912185668945 497
1784393509627 17.813167572021484 498
1784393509630 16.254323959350586 499
1784393509632 15.486274719238281 500
1784393509635 16.118032455444336 501
1784393509638 17.637496948242188 502
1784393509641 16.60548210144043 503
1784393509645 20.66019630432129 504
1784393509648 17.224119186401367 505
1784393509651 16.848276138305664 506
1784393509654 18.824813842773438 507
1784393509657 14.917928695678711 508
1784393509660 17.954050064086914 509
1784393509663 19.203536987304688 510
1784393509666 16.498197555541992 511
1784393509670 22.722457885742188 512
1784393509673 23.788646697998047 513
1784393509677 18.71973991394043 514
1784393509679 18.77629280090332 515
1784393509682 20.697471618652344 516
1784393509684 16.619691848754883 517
1784393509687 20.5407657623291 518
1784393509689 24.057266235351562 519
1784393509691 19.119701385498047 520
1784393509693 20.56086540222168 521
1784393509696 21.807111740112305 522
1784393509698 17.301889419555664 523
1784393509700 19.695138931274414 524
1784393509702 20.877174377441406 525
1784393509705 17.183876037597656 526
1784393509707 17.546016693115234 527
1784393509710 17.374814987182617 528
1784393509713 16.893192291259766 529
1784393509716 17.66600799560547 530
1784393509725 18.635509490966797 531
1784393509728 16.932031631469727 532
1784393509731 20.293733596801758 533
1784393509734 19.591279983520508 534
1784393509738 17.4482421875 535
1784393509742 18.179880142211914 536
1784393509744 18.841812133789062 537
1784393509749 17.755573272705078 538
1784393509752 18.407882690429688 539
1784393509755 14.991863250732422 540
1784393509759 20.168991088867188 541
1784393509762 19.268535614013672 542
1784393509766 18.56668472290039 543
1784393509769 17.981876373291016 544
1784393509773 19.242935180664062 545
1784393509776 22.035953521728516 546
1784393509779 15.437431335449219 547
1784393509782 19.974987030029297 548
1784393509786 21.993959426879883 549
1784393509788 17.626663208007812 550
1784393509791 18.230712890625 551
1784393509793 19.988027572631836 552
1784393509795 15.954351425170898 553
1784393509798 17.327922821044922 554
1784393509800 18.545005798339844 555
1784393509802 16.951601028442383 556
1784393509804 20.847354888916016 557
1784393509806 21.06427764892578 558
1784393509809 22.205989837646484 559
1784393509812 19.01212501525879 560
1784393509815 24.532093048095703 561
1784393509818 20.00485610961914 562
1784393509821 17.841787338256836 563
1784393509824 21.452041625976562 564
1784393509827 21.2445011138916 565
1784393509830 19.725496292114258 566
1784393509833 18.881799697875977 567
1784393509836 20.92272186279297 568
1784393509839 20.79624366760254 569
1784393509841 19.64598274230957 570
1784393509844 18.615886688232422 571
1784393509847 18.970613479614258 572
1784393509849 21.389278411865234 573
1784393509851 21.489818572998047 574
1784393509853 17.706998825073242 575
1784393509855 17.16407012939453 576
1784393509858 18.964893341064453 577
1784393509860 17.040756225585938 578
1784393509862 17.586570739746094 579
1784393509865 16.31941795349121 580
1784393509868 17.774499893188477 581
1784393509871 15.766109466552734 582
1784393509873 15.777349472045898 583
1784393509876 18.642780303955078 584
1784393509878 14.325777053833008 585
1784393509880 14.956427574157715 586
1784393509883 15.016731262207031 587
1784393509885 15.857866287231445 588
1784393509888 15.341058731079102 589
1784393509892 14.917000770568848 590
1784393509895 15.922456741333008 591
1784393509898 16.262319564819336 592
1784393509901 16.6783504486084 593
1784393509904 16.029176712036133 594
1784393509907 16.88479232788086 595
1784393509910 17.045236587524414 596
1784393509913 17.117395401000977 597
1784393509917 17.793180465698242 598
1784393509920 17.162456512451172 599
1784393509922 18.020687103271484 600
1784393509925 21.307767868041992 601
1784393509928 17.721942901611328 602
1784393509931 18.242124557495117 603
1784393509934 17.827722549438477 604
1784393509938 15.987689971923828 605
1784393509942 17.596458435058594 606
1784393509945 17.67100715637207 607
1784393509949 21.908138275146484 608
1784393509952 18.419841766357422 609
1784393509955 19.342687606811523 610
1784393509958 17.83203887939453 611
1784393509961 17.440895080566406 612
1784393509965 19.46371078491211 613
1784393509967 17.95707893371582 614
1784393509970 16.168617248535156 615
1784393509974 17.450307846069336 616
1784393509977 17.149250030517578 617
1784393509980 15.595324516296387 618
1784393509982 17.049484252929688 619
1784393509985 15.767023086547852 620
1784393509987 16.227685928344727 621
1784393509989 17.677875518798828 622
1784393509992 16.202533721923828 623
1784393509995 15.890340805053711 624
1784393509998 16.5198974609375 625
1784393510001 16.07977294921875 626
1784393510004 17.41461753845215 627
1784393510007 16.002994537353516 628
1784393510010 15.453018188476562 629
1784393510013 16.998455047607422 630
1784393510017 14.727384567260742 631
1784393510020 17.098073959350586 632
1784393510023 16.108266830444336 633
1784393510026 12.651987075805664 634
1784393510029 20.18883514404297 635
1784393510033 19.32381248474121 636
1784393510035 17.781211853027344 637
1784393510038 14.334688186645508 638
1784393510042 16.627897262573242 639
1784393510045 15.870218276977539 640
1784393510048 16.288963317871094 641
1784393510052 17.005067825317383 642
1784393510055 15.056526184082031 643
1784393510059 15.30750560760498 644
1784393510062 16.206623077392578 645
1784393510066 16.41351890563965 646
1784393510069 15.815549850463867 647
1784393510071 16.55227279663086 648
1784393510074 16.012178421020508 649
1784393510077 16.926902770996094 650
1784393510080 15.212495803833008 651
1784393510083 16.276121139526367 652
1784393510086 15.843620300292969 653
1784393510089 18.96505355834961 654
1784393510092 14.257912635803223 655
1784393510095 18.256446838378906 656
1784393510097 16.231002807617188 657
1784393510100 16.52031135559082 658
1784393510103 17.115419387817383 659
1784393510106 16.032032012939453 660
1784393510108 15.358184814453125 661
1784393510111 16.178409576416016 662
1784393510114 14.133644104003906 663
1784393510119 17.484922409057617 664
1784393510122 15.396052360534668 665
1784393510126 14.543292999267578 666
1784393510128 18.12198257446289 667
1784393510132 17.459739685058594 668
1784393510135 15.00759506225586 669
1784393510138 17.248167037963867 670
1784393510141 15.889352798461914 671
1784393510144 13.780932426452637 672
1784393510146 18.503162384033203 673
1784393510150 15.367020606994629 674
1784393510153 16.60910415649414 675
1784393510156 16.507678985595703 676
1784393510158 15.51785945892334 677
1784393510162 12.720605850219727 678
1784393510166 15.242399215698242 679
1784393510169 13.27254867553711 680
1784393510172 13.767011642456055 681
1784393510175 14.274483680725098 682
1784393510178 14.784204483032227 683
1784393510181 14.250779151916504 684
1784393510185 15.711648941040039 685
1784393510187 13.73097038269043 686
1784393510190 16.179391860961914 687
1784393510193 13.383975982666016 688
1784393510196 14.725622177124023 689
1784393510199 14.886969566345215 690
1784393510201 13.30283260345459 691
1784393510205 15.314623832702637 692
1784393510207 16.01008415222168 693
1784393510210 12.186861038208008 694
1784393510212 14.668424606323242 695
1784393510215 11.703219413757324 696
1784393510218 13.335100173950195 697
1784393510221 13.02832317352295 698
1784393510223 14.121023178100586 699
1784393510227 15.058382034301758 700
1784393510230 12.429304122924805 701
1784393510233 14.789777755737305 702
1784393510236 14.279141426086426 703
1784393510239 14.371565818786621 704
1784393510242 13.386468887329102 705
1784393510246 16.109508514404297 706
1784393510249 14.63224983215332 707
1784393510252 16.251190185546875 708
1784393510255 16.580167770385742 709
1784393510258 15.31993293762207 710
1784393510261 17.072202682495117 711
1784393510264 14.36651611328125 712
1784393510267 14.524133682250977 713
1784393510270 14.056629180908203 714
1784393510273 16.47846031188965 715
1784393510276 15.123758316040039 716
1784393510279 16.85601806640625 717
1784393510282 14.891059875488281 718
1784393510285 15.578020095825195 719
1784393510287 17.818578720092773 720
1784393510290 13.946046829223633 721
1784393510293 19.999372482299805 722
1784393510296 14.353874206542969 723
1784393510298 19.548433303833008 724
1784393510302 19.03011131286621 725
1784393510304 13.369823455810547 726
1784393510307 17.636598587036133 727
1784393510310 13.06086254119873 728
1784393510313 16.6538143157959 729
1784393510315 14.202470779418945 730
1784393510318 14.297521591186523 731
1784393510321 13.791831016540527 732
1784393510324 13.179757118225098 733
1784393510326 12.633834838867188 734
1784393510329 14.879083633422852 735
1784393510332 12.306629180908203 736
1784393510334 15.813661575317383 737
1784393510338 12.605707168579102 738
1784393510340 14.101917266845703 739
1784393510343 15.097833633422852 740
1784393510346 14.756816864013672 741
1784393510348 15.362337112426758 742
1784393510352 12.738089561462402 743
1784393510356 16.262413024902344 744
1784393510358 15.687285423278809 745
1784393510362 13.895843505859375 746
1784393510364 17.412630081176758 747
1784393510368 16.915546417236328 748
1784393510370 15.710343360900879 749
1784393510374 17.23875617980957 750
1784393510376 14.409048080444336 751
1784393510379 14.759485244750977 752
1784393510382 16.754297256469727 753
1784393510386 14.635957717895508 754
1784393510390 16.20775604248047 755
1784393510393 15.549811363220215 756
1784393510396 14.165328025817871 757
1784393510400 15.323598861694336 758
1784393510403 14.33771800994873 759
1784393510406 15.979506492614746 760
1784393510409 16.71474838256836 761
1784393510413 16.277158737182617 762
1784393510416 19.11916732788086 763
1784393510419 15.355583190917969 764
1784393510423 17.537273406982422 765
1784393510426 18.36856460571289 766
1784393510430 13.874022483825684 767
1784393510434 16.881162643432617 768
1784393510436 12.683680534362793 769
1784393510440 18.04058074951172 770
1784393510442 15.050313949584961 771
1784393510446 14.92961311340332 772
1784393510449 14.75503158569336 773
1784393510453 13.822961807250977 774
1784393510455 17.159900665283203 775
1784393510459 15.044539451599121 776
1784393510462 13.960991859436035 777
1784393510466 18.369808197021484 778
1784393510470 17.61386489868164 779
1784393510473 15.399946212768555 780
1784393510476 17.171398162841797 781
1784393510480 16.328927993774414 782
1784393510483 13.991358757019043 783
1784393510487 16.52861976623535 784
1784393510491 14.132231712341309 785
1784393510495 15.829602241516113 786
1784393510498 16.908477783203125 787
1784393510501 13.735738754272461 788
1784393510505 15.738242149353027 789
1784393510509 17.279727935791016 790
1784393510513 14.027359962463379 791
1784393510517 17.842472076416016 792
1784393510520 18.008100509643555 793
1784393510523 12.390284538269043 794
1784393510527 14.20846939086914 795
1784393510531 14.260239601135254 796
1784393510536 16.196596145629883 797
1784393510539 15.305299758911133 798
1784393510542 15.269309043884277 799
1784393510545 17.666812896728516 800
1784393510549 15.029497146606445 801
1784393510551 16.696212768554688 802
1784393510554 16.750974655151367 803
1784393510557 15.131264686584473 804
1784393510559 15.926779747009277 805
1784393510561 14.860936164855957 806
1784393510563 13.77960205078125 807
1784393510564 15.062365531921387 808
1784393510567 14.389617919921875 809
1784393510569 14.290997505187988 810
1784393510570 13.401253700256348 811
1784393510573 13.646322250366211 812
1784393510576 12.97342586517334 813
1784393510580 14.610976219177246 814
1784393510582 13.557379722595215 815
1784393510585 15.096022605895996 816
1784393510588 14.526895523071289 817
1784393510592 12.983619689941406 818
1784393510594 13.364718437194824 819
1784393510598 11.660207748413086 820
1784393510601 15.22370719909668 821
1784393510604 15.150046348571777 822
1784393510608 13.315993309020996 823
1784393510611 17.281536102294922 824
1784393510613 14.305763244628906 825
1784393510616 16.854448318481445 826
1784393510619 19.30744171142578 827
1784393510623 15.893077850341797 828
1784393510625 17.983665466308594 829
1784393510629 18.07551383972168 830
1784393510631 17.98137664794922 831
1784393510634 17.388004302978516 832
1784393510636 17.18297576904297 833
1784393510639 18.129627227783203 834
1784393510642 14.314483642578125 835
1784393510645 18.632762908935547 836
1784393510648 18.594676971435547 837
1784393510651 14.306632041931152 838
1784393510654 18.122690200805664 839
1784393510656 14.065168380737305 840
1784393510659 14.949653625488281 841
1784393510661 17.610397338867188 842
1784393510665 13.02226734161377 843
1784393510667 13.75649642944336 844
1784393510671 14.038413047790527 845
1784393510673 13.297602653503418 846
1784393510677 14.185543060302734 847
1784393510679 11.448586463928223 848
1784393510683 12.397984504699707 849
1784393510685 11.736180305480957 850
1784393510689 11.90196418762207 851
1784393510691 12.884360313415527 852
1784393510694 12.723090171813965 853
1784393510696 14.154077529907227 854
1784393510699 11.83185863494873 855
1784393510701 14.902183532714844 856
1784393510703 14.319077491760254 857
1784393510706 14.751113891601562 858
1784393510709 14.338211059570312 859
1784393510712 13.177803039550781 860
1784393510715 13.907363891601562 861
1784393510718 14.131179809570312 862
1784393510721 13.952285766601562 863
1784393510729 15.199342727661133 864
1784393510733 12.439828872680664 865
1784393510737 13.801112174987793 866
1784393510739 13.087564468383789 867
1784393510742 14.129690170288086 868
1784393510745 12.537359237670898 869
1784393510748 13.92502498626709 870
1784393510751 11.551118850708008 871
1784393510753 16.28936767578125 872
1784393510757 13.149612426757812 873
1784393510760 17.842639923095703 874
1784393510763 15.376565933227539 875
1784393510765 15.05968189239502 876
1784393510768 17.374385833740234 877
1784393510771 13.458187103271484 878
1784393510775 16.815332412719727 879
1784393510777 17.81827735900879 880
1784393510781 14.45819091796875 881
1784393510784 17.226497650146484 882
1784393510787 13.509485244750977 883
1784393510790 17.66213035583496 884
1784393510793 15.742429733276367 885
1784393510796 14.087505340576172 886
1784393510799 13.4163179397583 887
1784393510802 13.5044527053833 888
1784393510805 14.383362770080566 889
1784393510808 13.43807601928711 890
1784393510811 16.30712127685547 891
1784393510814 16.663738250732422 892
1784393510817 14.718036651611328 893
1784393510820 13.627877235412598 894
1784393510822 11.662274360656738 895
1784393510825 13.018779754638672 896
1784393510827 11.981693267822266 897
1784393510830 13.670122146606445 898
1784393510832 10.132772445678711 899
1784393510834 15.176092147827148 900
1784393510836 11.044282913208008 901
1784393510839 16.803312301635742 902
1784393510842 16.63739013671875 903
1784393510845 13.73735237121582 904
1784393510848 16.989456176757812 905
1784393510851 15.531034469604492 906
1784393510855 17.621868133544922 907
1784393510859 14.245113372802734 908
1784393510862 16.725313186645508 909
1784393510865 14.072690963745117 910
1784393510869 13.385784149169922 911
1784393510873 14.938451766967773 912
1784393510878 13.2804536819458 913
1784393510881 13.475057601928711 914
1784393510885 13.968944549560547 915
1784393510888 14.507996559143066 916
1784393510892 12.63827133178711 917
1784393510895 13.993083953857422 918
1784393510899 12.880245208740234 919
1784393510903 14.163716316223145 920
1784393510906 12.838579177856445 921
1784393510909 14.136565208435059 922
1784393510911 15.561809539794922 923
1784393510913 12.600166320800781 924
1784393510915 15.583144187927246 925
1784393510918 13.832709312438965 926
1784393510920 13.664139747619629 927
1784393510923 15.545839309692383 928
1784393510926 14.927535057067871 929
1784393510929 14.038932800292969 930
1784393510933 13.558871269226074 931
1784393510937 14.056950569152832 932
1784393510940 12.927572250366211 933
1784393510944 15.740689277648926 934
1784393510947 14.342055320739746 935
1784393510950 13.243602752685547 936
1784393510953 14.69825553894043 937
1784393510956 13.03979206085205 938
1784393510958 15.692036628723145 939
1784393510961 13.285577774047852 940
1784393510964 13.464706420898438 941
1784393510967 14.202022552490234 942
1784393510969 12.395411491394043 943
1784393510972 13.02617073059082 944
1784393510975 13.514495849609375 945
1784393510978 13.055614471435547 946
1784393510981 13.085247993469238 947
1784393510983 12.967061996459961 948
1784393510986 13.783248901367188 949
1784393510988 14.70892333984375 950
1784393510991 12.898900032043457 951
1784393510994 14.055109977722168 952
1784393510996 14.514275550842285 953
1784393510999 14.944189071655273 954
1784393511001 15.925427436828613 955
1784393511004 16.90353775024414 956
1784393511006 14.040332794189453 957
1784393511009 19.2175235748291 958
1784393511012 15.047189712524414 959
1784393511014 16.307655334472656 960
1784393511017 17.531030654907227 961
1784393511019 12.129190444946289 962
1784393511023 19.4266357421875 963
1784393511025 17.53040885925293 964
1784393511027 16.58392333984375 965
1784393511030 16.21684455871582 966
1784393511033 15.385180473327637 967
1784393511036 12.85563850402832 968
1784393511038 16.328184127807617 969
1784393511041 14.04072380065918 970
1784393511043 13.891518592834473 971
1784393511046 15.956422805786133 972
1784393511049 16.25579071044922 973
1784393511052 14.492313385009766 974
1784393511055 16.080646514892578 975
1784393511057 13.458569526672363 976
1784393511060 15.463387489318848 977
1784393511062 11.66457748413086 978
1784393511065 14.094099998474121 979
1784393511067 14.436224937438965 980
1784393511070 12.263372421264648 981
1784393511073 14.900245666503906 982
1784393511075 13.28821086883545 983
1784393511078 12.92065143585205 984
1784393511081 15.440321922302246 985
1784393511084 15.48870849609375 986
1784393511086 13.852785110473633 987
1784393511089 16.034488677978516 988
1784393511091 12.56029224395752 989
1784393511094 15.122679710388184 990
1784393511096 14.772992134094238 991
1784393511099 13.978621482849121 992
1784393511102 16.978683471679688 993
1784393511105 13.803084373474121 994
1784393511108 18.170366287231445 995
1784393511111 15.325948715209961 996
1784393511114 12.929239273071289 997
1784393511116 13.737449645996094 998
1784393511118 15.687040328979492 999
1784393511120 17.226993560791016 1000
1784393511122 14.569503784179688 1001
1784393511124 16.962970733642578 1002
1784393511126 15.837465286254883 1003
1784393511129 13.100160598754883 1004
1784393511131 17.88951873779297 1005
1784393511133 14.49952220916748 1006
1784393511135 13.867698669433594 1007
1784393511138 13.661181449890137 1008
1784393511142 13.653678894042969 1009
1784393511145 14.883101463317871 1010
1784393511148 15.5281400680542 1011
1784393511151 14.410004615783691 1012
1784393511154 13.009126663208008 1013
1784393511157 14.6624174118042 1014
1784393511161 13.040987014770508 1015
1784393511164 12.654646873474121 1016
1784393511167 14.155107498168945 1017
1784393511170 14.735479354858398 1018
1784393511173 13.944900512695312 1019
1784393511176 13.335010528564453 1020
1784393511179 14.114383697509766 1021
1784393511182 14.283477783203125 1022
1784393511185 14.277998924255371 1023
1784393511188 14.729715347290039 1024
1784393511191 14.70776653289795 1025
1784393511194 14.613957405090332 1026
1784393511197 13.810951232910156 1027
1784393511200 11.865578651428223 1028
1784393511202 14.61539077758789 1029
1784393511206 13.098587036132812 1030
1784393511209 13.84674072265625 1031
1784393511212 13.07470417022705 1032
1784393511215 12.157509803771973 1033
1784393511217 13.337956428527832 1034
1784393511220 11.519597053527832 1035
1784393511223 12.741830825805664 1036
1784393511225 13.885736465454102 1037
1784393511227 11.806793212890625 1038
1784393511229 13.395500183105469 1039
1784393511231 11.599961280822754 1040
1784393511234 11.349042892456055 1041
1784393511235 12.259393692016602 1042
1784393511238 11.703412055969238 1043
1784393511242 11.314652442932129 1044
1784393511245 11.888555526733398 1045
1784393511248 10.688694953918457 1046
1784393511251 11.661208152770996 1047
1784393511254 12.37790298461914 1048
1784393511257 13.814857482910156 1049
1784393511260 13.161025047302246 1050
1784393511263 15.020065307617188 1051
1784393511266 13.410882949829102 1052
1784393511268 13.23251724243164 1053
1784393511272 16.956436157226562 1054
1784393511275 12.189852714538574 1055
1784393511278 14.137787818908691 1056
1784393511281 12.661113739013672 1057
1784393511284 13.028392791748047 1058
1784393511286 13.081348419189453 1059
1784393511289 17.0596981048584 1060
1784393511291 14.10711669921875 1061
1784393511294 14.71168041229248 1062
1784393511296 15.014497756958008 1063
1784393511298 14.801445007324219 1064
1784393511300 16.29429054260254 1065
1784393511302 16.29975128173828 1066
1784393511304 12.938362121582031 1067
1784393511307 15.199447631835938 1068
1784393511310 18.128368377685547 1069
1784393511313 13.1116361618042 1070
1784393511315 17.714984893798828 1071
1784393511318 17.55024528503418 1072
1784393511322 14.203804016113281 1073
1784393511325 14.66687297821045 1074
1784393511328 14.448921203613281 1075
1784393511331 13.794238090515137 1076
1784393511333 14.149885177612305 1077
1784393511336 12.53752326965332 1078
1784393511338 12.482155799865723 1079
1784393511340 15.635356903076172 1080
1784393511343 10.806700706481934 1081
1784393511345 15.57771110534668 1082
1784393511347 13.1216459274292 1083
1784393511350 14.110147476196289 1084
1784393511352 15.715934753417969 1085
1784393511355 15.87789535522461 1086
1784393511358 16.840118408203125 1087
1784393511362 16.029253005981445 1088
1784393511365 14.587854385375977 1089
1784393511368 17.56683349609375 1090
1784393511371 15.40545654296875 1091
1784393511375 15.306394577026367 1092
1784393511379 17.441301345825195 1093
1784393511382 14.900787353515625 1094
1784393511385 18.448915481567383 1095
1784393511388 16.349889755249023 1096
1784393511392 14.268634796142578 1097
1784393511394 16.634214401245117 1098
1784393511398 14.168966293334961 1099
1784393511401 18.25948715209961 1100
1784393511405 16.7526798248291 1101
1784393511408 14.672433853149414 1102
1784393511411 17.192310333251953 1103
1784393511414 16.022327423095703 1104
1784393511419 17.366649627685547 1105
1784393511423 13.841273307800293 1106
1784393511426 16.601985931396484 1107
1784393511429 15.116214752197266 1108
1784393511431 14.57664680480957 1109
1784393511435 14.155938148498535 1110
1784393511437 13.434219360351562 1111
1784393511440 13.71280288696289 1112
1784393511442 14.382248878479004 1113
1784393511444 15.379752159118652 1114
1784393511447 13.963118553161621 1115
1784393511450 16.91476821899414 1116
1784393511452 13.486106872558594 1117
1784393511455 15.3893461227417 1118
1784393511457 17.095813751220703 1119
1784393511460 14.219191551208496 1120
1784393511462 18.27968406677246 1121
1784393511464 20.180530548095703 1122
1784393511466 15.64326000213623 1123
1784393511469 18.328380584716797 1124
1784393511471 20.12408447265625 1125
1784393511473 14.230212211608887 1126
1784393511476 17.263458251953125 1127
1784393511479 16.701631546020508 1128
1784393511481 16.674036026000977 1129
1784393511484 17.75499153137207 1130
1784393511486 13.850616455078125 1131
1784393511489 17.812076568603516 1132
1784393511491 14.077583312988281 1133
1784393511494 15.19982624053955 1134
1784393511497 17.853620529174805 1135
1784393511500 12.35932731628418 1136
1784393511504 16.411605834960938 1137
1784393511507 15.648781776428223 1138
1784393511510 15.399730682373047 1139
1784393511514 17.235015869140625 1140
1784393511517 13.620376586914062 1141
1784393511520 17.446935653686523 1142
1784393511523 13.081210136413574 1143
1784393511527 16.636167526245117 1144
1784393511530 17.002904891967773 1145
1784393511533 12.579310417175293 1146
1784393511537 14.944727897644043 1147
1784393511539 12.245819091796875 1148
1784393511542 12.15162181854248 1149
1784393511546 14.136606216430664 1150
1784393511549 14.812432289123535 1151
1784393511552 12.344423294067383 1152
1784393511555 14.960686683654785 1153
1784393511559 13.81396770477295 1154
1784393511563 15.484700202941895 1155
1784393511567 15.512094497680664 1156
1784393511571 12.767255783081055 1157
1784393511575 12.240703582763672 1158
1784393511579 14.186198234558105 1159
1784393511582 11.387088775634766 1160
1784393511585 15.35448169708252 1161
1784393511588 13.330883026123047 1162
1784393511592 15.248417854309082 1163
1784393511594 15.240346908569336 1164
1784393511596 13.122041702270508 1165
1784393511598 13.582934379577637 1166
1784393511600 11.688098907470703 1167
1784393511602 12.980233192443848 1168
1784393511604 12.375200271606445 1169
1784393511606 12.652055740356445 1170
1784393511609 13.49161148071289 1171
1784393511612 13.670185089111328 1172
1784393511616 12.808825492858887 1173
1784393511619 12.514676094055176 1174
1784393511623 11.156929016113281 1175
1784393511626 12.467387199401855 1176
1784393511630 12.59094524383545 1177
1784393511632 12.652997970581055 1178
1784393511636 15.43260383605957 1179
1784393511638 14.429972648620605 1180
1784393511641 13.244359016418457 1181
1784393511644 14.737905502319336 1182
1784393511648 14.555286407470703 1183
1784393511651 13.551128387451172 1184
1784393511654 14.231549263000488 1185
1784393511656 14.551797866821289 1186
1784393511660 13.486279487609863 1187
1784393511663 15.225378036499023 1188
1784393511667 14.488202095031738 1189
1784393511669 16.61359214782715 1190
1784393511673 16.94135856628418 1191
1784393511677 13.663538932800293 1192
1784393511681 16.946575164794922 1193
1784393511685 15.474223136901855 1194
1784393511688 15.883904457092285 1195
1784393511693 18.328107833862305 1196
1784393511697 14.92332649230957 1197
1784393511703 16.679458618164062 1198
1784393511707 15.974569320678711 1199
1784393511709 15.527599334716797 1200
1784393511712 17.244243621826172 1201
1784393511715 19.39661407470703 1202
1784393511719 15.647652626037598 1203
1784393511721 17.319229125976562 1204
1784393511724 18.878292083740234 1205
1784393511728 18.19430160522461 1206
1784393511731 17.061555862426758 1207
1784393511740 17.38509750366211 1208
1784393511745 17.328582763671875 1209
1784393511749 15.094987869262695 1210
1784393511753 17.40582275390625 1211
1784393511756 14.244997024536133 1212
1784393511760 14.8865327835083 1213
1784393511763 16.038923263549805 1214
1784393511765 13.993508338928223 1215
1784393511768 13.125448226928711 1216
1784393511771 12.963011741638184 1217
1784393511774 12.183977127075195 1218
1784393511777 13.598093032836914 1219
1784393511780 12.844104766845703 1220
1784393511783 12.529701232910156 1221
1784393511786 13.559077262878418 1222
1784393511789 14.658977508544922 1223
1784393511792 13.69040298461914 1224
1784393511795 14.099552154541016 1225
1784393511799 13.362025260925293 1226
1784393511802 12.93040657043457 1227
1784393511805 13.562463760375977 1228
1784393511809 12.726454734802246 1229
1784393511812 13.412378311157227 1230
1784393511815 14.943495750427246 1231
1784393511817 12.254426002502441 1232
1784393511820 16.76345443725586 1233
1784393511823 16.125638961791992 1234
1784393511826 15.049830436706543 1235
1784393511828 18.020397186279297 1236
1784393511831 16.902719497680664 1237
1784393511833 16.264291763305664 1238
1784393511836 12.048139572143555 1239
1784393511839 15.85374641418457 1240
1784393511842 14.902456283569336 1241
1784393511844 13.132823944091797 1242
1784393511846 15.170382499694824 1243
1784393511849 15.655876159667969 1244
1784393511852 14.268523216247559 1245
1784393511855 13.288485527038574 1246
1784393511859 14.063797950744629 1247
1784393511862 15.471802711486816 1248
1784393511865 16.030534744262695 1249
1784393511868 13.944964408874512 1250
1784393511871 16.45061492919922 1251
1784393511874 16.832927703857422 1252
1784393511877 16.770917892456055 1253
1784393511880 14.20791244506836 1254
1784393511883 14.467334747314453 1255
1784393511886 14.283426284790039 1256
1784393511889 13.774640083312988 1257
1784393511892 13.490042686462402 1258
1784393511895 10.916316986083984 1259
1784393511898 16.543912887573242 1260
1784393511902 14.122861862182617 1261
1784393511906 15.148628234863281 1262
1784393511909 14.819936752319336 1263
1784393511912 13.670069694519043 1264
1784393511915 14.97313404083252 1265
1784393511918 15.118538856506348 1266
1784393511921 13.858735084533691 1267
1784393511924 14.444405555725098 1268
1784393511928 13.412782669067383 1269
1784393511931 14.412836074829102 1270
1784393511934 14.500612258911133 1271
1784393511938 13.24010944366455 1272
1784393511941 14.14382553100586 1273
1784393511944 12.84732437133789 1274
1784393511946 14.367777824401855 1275
1784393511949 15.292445182800293 1276
1784393511951 12.848723411560059 1277
1784393511953 14.004520416259766 1278
1784393511956 15.543278694152832 1279
1784393511959 11.333929061889648 1280
1784393511962 15.41633415222168 1281
1784393511965 16.01288604736328 1282
1784393511969 13.484621047973633 1283
1784393511972 15.979592323303223 1284
1784393511976 14.129697799682617 1285
1784393511979 14.180010795593262 1286
1784393511982 15.932584762573242 1287
1784393511985 12.129809379577637 1288
1784393511990 14.145966529846191 1289
1784393511993 15.121795654296875 1290
1784393511996 13.383737564086914 1291
1784393511999 16.97235107421875 1292
1784393512002 15.822002410888672 1293
1784393512005 13.04426383972168 1294
1784393512008 16.708078384399414 1295
1784393512011 18.53343391418457 1296
1784393512013 15.892645835876465 1297
1784393512016 18.716386795043945 1298
1784393512019 16.401355743408203 1299
1784393512022 13.240726470947266 1300
1784393512025 14.765633583068848 1301
1784393512028 13.233336448669434 1302
1784393512030 13.232537269592285 1303
1784393512033 12.425420761108398 1304
1784393512036 11.898685455322266 1305
1784393512039 11.675704002380371 1306
1784393512042 14.141560554504395 1307
1784393512045 12.035055160522461 1308
1784393512047 11.810090065002441 1309
1784393512050 11.148523330688477 1310
1784393512059 13.019189834594727 1311
1784393512062 13.577546119689941 1312
1784393512065 12.895909309387207 1313
1784393512068 13.791601181030273 1314
1784393512072 12.992698669433594 1315
1784393512074 16.19663429260254 1316
1784393512077 15.58980941772461 1317
1784393512081 13.455599784851074 1318
1784393512084 15.777972221374512 1319
1784393512087 14.467167854309082 1320
1784393512090 12.82414722442627 1321
1784393512093 14.48944091796875 1322
1784393512096 14.862109184265137 1323
1784393512099 12.69333267211914 1324
1784393512103 13.031194686889648 1325
1784393512106 12.165717124938965 1326
1784393512109 13.458560943603516 1327
1784393512112 16.33089828491211 1328
1784393512115 14.265630722045898 1329
1784393512118 17.00437355041504 1330
1784393512122 15.361846923828125 1331
1784393512124 14.965697288513184 1332
1784393512127 14.728782653808594 1333
1784393512130 15.154455184936523 1334
1784393512134 14.512136459350586 1335
1784393512137 13.944099426269531 1336
1784393512139 13.478854179382324 1337
1784393512142 14.600035667419434 1338
1784393512146 12.260221481323242 1339
1784393512151 12.605433464050293 1340
1784393512154 12.637358665466309 1341
1784393512157 11.923040390014648 1342
1784393512160 12.909564971923828 1343
1784393512164 11.382231712341309 1344
1784393512166 15.375941276550293 1345
1784393512169 12.652925491333008 1346
1784393512172 12.607946395874023 1347
1784393512175 13.593866348266602 1348
1784393512178 10.29616928100586 1349
1784393512181 12.85866928100586 1350
1784393512185 12.122344970703125 1351
1784393512187 13.50832748413086 1352
1784393512190 14.81318473815918 1353
1784393512193 15.891548156738281 1354
1784393512196 14.188926696777344 1355
1784393512199 14.40257453918457 1356
1784393512202 11.106901168823242 1357
1784393512205 16.72669219970703 1358
1784393512207 12.747148513793945 1359
1784393512210 16.117616653442383 1360
1784393512213 15.79030990600586 1361
1784393512216 11.275568962097168 1362
1784393512219 15.820953369140625 1363
1784393512222 13.73653507232666 1364
1784393512225 13.105117797851562 1365
1784393512229 15.488761901855469 1366
1784393512232 12.619704246520996 1367
1784393512236 15.322184562683105 1368
1784393512240 13.096036911010742 1369
1784393512244 15.996689796447754 1370
1784393512248 14.696203231811523 1371
1784393512251 12.414630889892578 1372
1784393512254 13.583279609680176 1373
1784393512257 13.603206634521484 1374
1784393512260 11.83398151397705 1375
1784393512263 15.806092262268066 1376
1784393512266 11.576311111450195 1377
1784393512268 16.172168731689453 1378
1784393512272 18.25174903869629 1379
1784393512275 13.41091537475586 1380
1784393512278 19.737796783447266 1381
1784393512281 20.305578231811523 1382
1784393512284 15.351927757263184 1383
1784393512287 16.97195053100586 1384
1784393512290 18.297134399414062 1385
1784393512293 15.078248977661133 1386
1784393512297 16.39153289794922 1387
1784393512299 15.705753326416016 1388
1784393512302 15.450450897216797 1389
1784393512305 17.01612091064453 1390
1784393512308 15.411112785339355 1391
1784393512311 16.02490997314453 1392
1784393512313 13.280708312988281 1393
1784393512316 17.84064483642578 1394
1784393512320 15.282279014587402 1395
1784393512323 15.285083770751953 1396
1784393512326 13.879316329956055 1397
1784393512329 14.7201509475708 1398
1784393512333 14.426155090332031 1399
1784393512336 12.848894119262695 1400
1784393512340 16.105175018310547 1401
1784393512343 13.025163650512695 1402
1784393512346 13.505170822143555 1403
1784393512349 16.213674545288086 1404
1784393512352 12.131998062133789 1405
1784393512356 18.460424423217773 1406
1784393512359 13.954879760742188 1407
1784393512362 15.502076148986816 1408
1784393512368 12.985164642333984 1409
1784393512371 14.036544799804688 1410
1784393512373 15.633676528930664 1411
1784393512376 15.134207725524902 1412
1784393512379 15.439774513244629 1413
1784393512382 14.42753791809082 1414
1784393512385 15.843568801879883 1415
1784393512389 16.093475341796875 1416
1784393512393 16.38135528564453 1417
1784393512396 12.56466293334961 1418
1784393512399 16.501129150390625 1419
1784393512402 16.03668212890625 1420
1784393512405 13.509033203125 1421
1784393512408 14.930404663085938 1422
1784393512412 17.59682273864746 1423
1784393512415 13.657262802124023 1424
1784393512418 11.297991752624512 1425
1784393512421 15.221733093261719 1426
1784393512423 12.606022834777832 1427
1784393512426 13.885490417480469 1428
1784393512429 12.673104286193848 1429
1784393512432 12.298661231994629 1430
1784393512435 13.707138061523438 1431
1784393512438 11.460275650024414 1432
1784393512441 11.611316680908203 1433
1784393512444 13.086162567138672 1434
1784393512447 12.65373420715332 1435
1784393512451 10.453971862792969 1436
1784393512454 14.849777221679688 1437
1784393512457 10.428261756896973 1438
1784393512460 14.861265182495117 1439
1784393512462 14.314236640930176 1440
1784393512465 12.929973602294922 1441
1784393512468 15.186073303222656 1442
1784393512470 12.643400192260742 1443
1784393512473 11.388603210449219 1444
1784393512475 12.26881217956543 1445
1784393512478 11.631324768066406 1446
1784393512481 10.850971221923828 1447
1784393512484 10.138921737670898 1448
1784393512488 10.291223526000977 1449
1784393512492 10.095844268798828 1450
1784393512495 10.0525541305542 1451
1784393512499 10.403002738952637 1452
1784393512502 9.720525741577148 1453
1784393512505 11.801440238952637 1454
1784393512507 12.672520637512207 1455
1784393512511 10.391036987304688 1456
1784393512513 14.100481986999512 1457
1784393512516 11.554520606994629 1458
1784393512519 13.209359169006348 1459
1784393512521 15.590414047241211 1460
1784393512524 12.141632080078125 1461
1784393512526 15.721086502075195 1462
1784393512529 14.849300384521484 1463
1784393512531 12.473274230957031 1464
1784393512535 14.21847152709961 1465
1784393512537 11.059385299682617 1466
1784393512540 14.247096061706543 1467
1784393512542 13.81930160522461 1468
1784393512545 11.581071853637695 1469
1784393512548 14.122014045715332 1470
1784393512551 13.428936958312988 1471
1784393512554 11.68774700164795 1472
1784393512558 12.796525955200195 1473
1784393512561 12.212850570678711 1474
1784393512564 12.365077018737793 1475
1784393512567 13.669950485229492 1476
1784393512570 12.533053398132324 1477
1784393512573 13.319253921508789 1478
1784393512576 12.484810829162598 1479
1784393512579 11.66796588897705 1480
1784393512582 13.355880737304688 1481
1784393512585 12.332656860351562 1482
1784393512588 15.6198148727417 1483
1784393512592 15.176132202148438 1484
1784393512595 11.70968246459961 1485
1784393512598 14.923066139221191 1486
1784393512601 13.151386260986328 1487
1784393512604 15.517254829406738 1488
1784393512606 12.877681732177734 1489
1784393512609 13.649428367614746 1490
1784393512612 10.880768775939941 1491
1784393512615 12.941433906555176 1492
1784393512617 12.787029266357422 1493
1784393512620 12.815167427062988 1494
1784393512623 12.26449203491211 1495
1784393512625 13.630643844604492 1496
1784393512629 13.896257400512695 1497
1784393512632 11.974915504455566 1498
1784393512636 12.271892547607422 1499
1784393512640 9.565093040466309 1500
1784393512644 11.67414379119873 1501
1784393512648 11.495987892150879 1502
1784393512651 12.121337890625 1503
1784393512655 14.213313102722168 1504
1784393512658 10.662649154663086 1505
1784393512662 15.302827835083008 1506
1784393512667 13.967254638671875 1507
1784393512670 13.602702140808105 1508
1784393512673 17.06789207458496 1509
1784393512678 11.965883255004883 1510
1784393512680 13.410602569580078 1511
1784393512683 13.551163673400879 1512
1784393512687 13.323463439941406 1513
1784393512691 14.443120956420898 1514
1784393512695 13.327381134033203 1515
1784393512699 13.869159698486328 1516
1784393512703 11.903733253479004 1517
1784393512708 12.12224006652832 1518
1784393512710 12.49671745300293 1519
1784393512713 12.031364440917969 1520
1784393512716 11.49226188659668 1521
1784393512719 12.53000259399414 1522
1784393512722 12.050806999206543 1523
1784393512725 11.348372459411621 1524
1784393512728 12.89526081085205 1525
1784393512731 10.425230026245117 1526
1784393512734 11.990440368652344 1527
1784393512737 10.490341186523438 1528
1784393512740 16.355449676513672 1529
1784393512742 10.911561965942383 1530
1784393512745 13.121329307556152 1531
1784393512748 13.43562126159668 1532
1784393512751 10.75423812866211 1533
1784393512754 13.843162536621094 1534
1784393512758 11.929179191589355 1535
1784393512761 13.17866325378418 1536
1784393512764 13.252387046813965 1537
1784393512768 11.538094520568848 1538
1784393512771 13.348773956298828 1539
1784393512774 12.699911117553711 1540
1784393512777 14.051152229309082 1541
1784393512781 13.808945655822754 1542
1784393512784 12.982259750366211 1543
1784393512787 13.173978805541992 1544
1784393512790 12.843499183654785 1545
1784393512794 11.428180694580078 1546
1784393512798 10.727575302124023 1547
1784393512801 11.515148162841797 1548
1784393512804 10.9141206741333 1549
1784393512808 11.18105697631836 1550
1784393512811 11.053032875061035 1551
1784393512814 11.210220336914062 1552
1784393512817 11.209593772888184 1553
1784393512821 12.702906608581543 1554
1784393512825 13.1148099899292 1555
1784393512828 11.817093849182129 1556
1784393512831 13.499235153198242 1557
1784393512834 15.631175994873047 1558
1784393512837 13.38575267791748 1559
1784393512843 13.655342102050781 1560
1784393512847 15.249103546142578 1561
1784393512850 13.229950904846191 1562
1784393512853 14.765817642211914 1563
1784393512857 18.60972785949707 1564
1784393512860 12.077167510986328 1565
1784393512863 17.80657386779785 1566
1784393512866 17.992982864379883 1567
1784393512869 13.500786781311035 1568
1784393512872 14.370009422302246 1569
1784393512875 13.80739688873291 1570
1784393512878 14.511569023132324 1571
1784393512882 13.490405082702637 1572
1784393512885 15.111698150634766 1573
1784393512889 15.227497100830078 1574
1784393512892 12.733216285705566 1575
1784393512896 16.026350021362305 1576
1784393512900 13.916489601135254 1577
1784393512904 15.336861610412598 1578
1784393512906 15.993745803833008 1579
1784393512910 14.164384841918945 1580
1784393512913 14.485949516296387 1581
1784393512915 15.890509605407715 1582
1784393512919 14.28418254852295 1583
1784393512922 14.807011604309082 1584
1784393512926 14.19444465637207 1585
1784393512929 15.327783584594727 1586
1784393512933 17.442148208618164 1587
1784393512936 14.823735237121582 1588
1784393512939 13.596302032470703 1589
1784393512941 14.713348388671875 1590
1784393512944 13.027469635009766 1591
1784393512947 12.1130952835083 1592
1784393512950 11.886823654174805 1593
1784393512953 12.484882354736328 1594
1784393512956 12.522912979125977 1595
1784393512959 12.597477912902832 1596
1784393512962 11.923548698425293 1597
1784393512966 13.361047744750977 1598
1784393512970 11.913969993591309 1599
1784393512973 13.871075630187988 1600
1784393512977 12.627299308776855 1601
1784393512979 13.0075044631958 1602
1784393512982 14.61693000793457 1603
1784393512985 13.869531631469727 1604
1784393512989 15.237838745117188 1605
1784393512991 15.792652130126953 1606
1784393512995 12.768532752990723 1607
1784393512997 19.221860885620117 1608
1784393513001 16.999969482421875 1609
1784393513003 14.198273658752441 1610
1784393513006 18.204938888549805 1611
1784393513009 14.68243408203125 1612
1784393513012 17.119613647460938 1613
1784393513014 24.55344581604004 1614
1784393513017 14.715788841247559 1615
1784393513019 17.668466567993164 1616
1784393513022 22.141233444213867 1617
1784393513025 14.406789779663086 1618
1784393513028 17.898447036743164 1619
1784393513031 14.873130798339844 1620
1784393513034 18.210323333740234 1621
1784393513037 17.126123428344727 1622
1784393513041 16.23704719543457 1623
1784393513044 18.833415985107422 1624
1784393513047 14.805794715881348 1625
1784393513051 16.406055450439453 1626
1784393513053 15.624703407287598 1627
1784393513056 12.477757453918457 1628
1784393513058 14.964099884033203 1629
1784393513061 14.067744255065918 1630
1784393513064 14.05640697479248 1631
1784393513068 17.087379455566406 1632
1784393513072 13.507248878479004 1633
1784393513074 15.064108848571777 1634
1784393513078 13.513520240783691 1635
1784393513080 15.846656799316406 1636
1784393513084 13.844762802124023 1637
1784393513087 13.927021980285645 1638
1784393513090 14.444122314453125 1639
1784393513093 14.26219367980957 1640
1784393513097 14.840665817260742 1641
1784393513099 14.192437171936035 1642
1784393513102 15.908623695373535 1643
1784393513105 13.91446304321289 1644
1784393513109 13.931868553161621 1645
1784393513111 14.170248985290527 1646
1784393513115 12.310218811035156 1647
1784393513118 12.011523246765137 1648
1784393513121 12.992374420166016 1649
1784393513124 14.328566551208496 1650
1784393513127 11.136161804199219 1651
1784393513130 14.608342170715332 1652
1784393513133 11.370631217956543 1653
1784393513136 12.517057418823242 1654
1784393513139 14.800874710083008 1655
1784393513141 14.7105712890625 1656
1784393513143 14.826578140258789 1657
1784393513146 11.661632537841797 1658
1784393513149 14.937407493591309 1659
1784393513153 10.840141296386719 1660
1784393513157 14.478724479675293 1661
1784393513160 17.556812286376953 1662
1784393513163 12.704036712646484 1663
1784393513167 16.651193618774414 1664
1784393513170 12.949836730957031 1665
1784393513173 14.170007705688477 1666
1784393513177 11.81567668914795 1667
1784393513180 16.316600799560547 1668
1784393513182 12.57814884185791 1669
1784393513186 14.828642845153809 1670
1784393513189 15.553999900817871 1671
1784393513192 12.187152862548828 1672
1784393513196 16.274965286254883 1673
1784393513200 16.29658317565918 1674
1784393513203 13.922405242919922 1675
1784393513206 17.387388229370117 1676
1784393513209 15.560249328613281 1677
1784393513213 15.715373039245605 1678
1784393513216 17.90487289428711 1679
1784393513219 19.570411682128906 1680
1784393513222 16.576465606689453 1681
1784393513225 15.203489303588867 1682
1784393513228 15.426543235778809 1683
1784393513232 13.592735290527344 1684
1784393513236 15.318912506103516 1685
1784393513240 14.265958786010742 1686
1784393513243 14.978705406188965 1687
1784393513247 15.47282600402832 1688
1784393513251 13.050270080566406 1689
1784393513254 14.240263938903809 1690
1784393513258 12.744145393371582 1691
1784393513262 14.003255844116211 1692
1784393513265 11.390642166137695 1693
1784393513268 10.658585548400879 1694
1784393513272 12.492035865783691 1695
1784393513275 12.553552627563477 1696
1784393513278 12.01420783996582 1697
1784393513282 14.24890422821045 1698
1784393513285 11.63613224029541 1699
1784393513288 12.666090965270996 1700
1784393513291 12.683331489562988 1701
1784393513294 11.229887008666992 1702
1784393513298 13.114177703857422 1703
1784393513300 11.862061500549316 1704
1784393513303 12.186651229858398 1705
1784393513306 12.399186134338379 1706
1784393513309 11.781722068786621 1707
1784393513312 15.212733268737793 1708
1784393513314 10.612821578979492 1709
1784393513317 14.402421951293945 1710
1784393513320 14.768117904663086 1711
1784393513323 14.254254341125488 1712
1784393513327 16.099306106567383 1713
1784393513329 13.422738075256348 1714
1784393513332 12.374950408935547 1715
1784393513335 13.578479766845703 1716
1784393513338 12.724589347839355 1717
1784393513341 12.728507995605469 1718
1784393513344 14.163290023803711 1719
1784393513347 13.355619430541992 1720
1784393513350 15.147561073303223 1721
1784393513353 15.32478141784668 1722
1784393513356 14.65602970123291 1723
1784393513359 15.211919784545898 1724
1784393513362 11.553110122680664 1725
1784393513365 12.531478881835938 1726
1784393513367 13.429003715515137 1727
1784393513369 14.656023025512695 1728
1784393513372 14.639863967895508 1729
1784393513374 14.87473201751709 1730
1784393513377 13.298301696777344 1731
1784393513379 12.726292610168457 1732
1784393513383 16.2159481048584 1733
1784393513385 10.169626235961914 1734
1784393513389 13.212189674377441 1735
1784393513392 15.088146209716797 1736
1784393513395 12.862232208251953 1737
1784393513397 13.476972579956055 1738
1784393513401 12.027337074279785 1739
1784393513405 11.458637237548828 1740
1784393513408 15.413755416870117 1741
1784393513411 11.609222412109375 1742
1784393513414 13.76451301574707 1743
1784393513416 13.448498725891113 1744
1784393513418 13.082893371582031 1745
1784393513420 13.592354774475098 1746
1784393513421 12.157894134521484 1747
1784393513424 13.491721153259277 1748
1784393513426 11.053068161010742 1749
1784393513428 12.474265098571777 1750
1784393513430 11.378104209899902 1751
1784393513432 11.172199249267578 1752
1784393513435 11.232256889343262 1753
1784393513439 12.360376358032227 1754
1784393513442 13.23830509185791 1755
1784393513445 12.540560722351074 1756
1784393513448 14.262262344360352 1757
1784393513452 13.032312393188477 1758
1784393513458 14.65335750579834 1759
1784393513462 15.500558853149414 1760
1784393513464 12.723679542541504 1761
1784393513467 18.431943893432617 1762
1784393513471 15.287219047546387 1763
1784393513475 12.293882369995117 1764
1784393513478 15.491918563842773 1765
1784393513481 15.412444114685059 1766
1784393513484 13.660407066345215 1767
1784393513487 17.90612030029297 1768
1784393513490 14.984273910522461 1769
1784393513494 14.756412506103516 1770
1784393513498 17.45651626586914 1771
1784393513501 17.525304794311523 1772
1784393513503 18.16593360900879 1773
1784393513506 15.323484420776367 1774
1784393513509 16.58648681640625 1775
1784393513511 15.73865032196045 1776
1784393513514 14.727141380310059 1777
1784393513517 17.892709732055664 1778
1784393513520 13.288947105407715 1779
1784393513523 15.494110107421875 1780
1784393513526 14.363367080688477 1781
1784393513529 11.803001403808594 1782
1784393513531 14.224395751953125 1783
1784393513534 12.53689956665039 1784
1784393513537 12.04312801361084 1785
1784393513540 11.757453918457031 1786
1784393513543 11.386163711547852 1787
1784393513545 11.111993789672852 1788
1784393513548 14.41041374206543 1789
1784393513550 13.822542190551758 1790
1784393513553 14.511127471923828 1791
1784393513556 11.568984031677246 1792
1784393513558 13.445623397827148 1793
1784393513561 10.884817123413086 1794
1784393513563 10.973514556884766 1795
1784393513566 11.73705768585205 1796
1784393513569 12.43753719329834 1797
1784393513572 12.808832168579102 1798
1784393513574 11.966177940368652 1799
1784393513577 13.026695251464844 1800
1784393513580 11.850358009338379 1801
1784393513583 14.720800399780273 1802
1784393513586 12.724782943725586 1803
1784393513588 13.115591049194336 1804
1784393513591 14.413311958312988 1805
1784393513594 12.448868751525879 1806
1784393513597 13.721858978271484 1807
1784393513599 14.192571640014648 1808
1784393513602 13.498922348022461 1809
1784393513605 13.904617309570312 1810
1784393513609 15.521148681640625 1811
1784393513612 12.914316177368164 1812
1784393513614 14.86552619934082 1813
1784393513617 15.217000007629395 1814
1784393513620 13.899787902832031 1815
1784393513622 13.612981796264648 1816
1784393513625 15.339709281921387 1817
1784393513628 14.0322265625 1818
1784393513630 12.167916297912598 1819
1784393513633 15.24813175201416 1820
1784393513636 12.669553756713867 1821
1784393513638 13.195245742797852 1822
1784393513641 11.680410385131836 1823
1784393513644 13.561281204223633 1824
1784393513647 12.90345287322998 1825
1784393513649 13.557805061340332 1826
1784393513652 15.651975631713867 1827
1784393513655 10.891817092895508 1828
1784393513657 12.414775848388672 1829
1784393513660 11.325167655944824 1830
1784393513662 11.766536712646484 1831
1784393513665 12.455363273620605 1832
1784393513668 12.366615295410156 1833
1784393513670 13.288945198059082 1834
1784393513672 13.05269718170166 1835
1784393513675 13.562629699707031 1836
1784393513678 12.481882095336914 1837
1784393513680 13.96223258972168 1838
1784393513683 13.670427322387695 1839
1784393513686 14.30348014831543 1840
1784393513688 13.201108932495117 1841
1784393513691 14.530096054077148 1842
1784393513693 13.630483627319336 1843
1784393513697 12.446412086486816 1844
1784393513699 14.725545883178711 1845
1784393513702 13.371034622192383 1846
1784393513705 14.434246063232422 1847
1784393513708 12.908299446105957 1848
1784393513711 15.395082473754883 1849
1784393513714 16.713571548461914 1850
1784393513718 12.653938293457031 1851
1784393513720 14.228968620300293 1852
1784393513723 13.117210388183594 1853
1784393513726 10.861292839050293 1854
1784393513730 15.46754264831543 1855
1784393513733 14.015124320983887 1856
1784393513736 13.590686798095703 1857
1784393513739 16.42584228515625 1858
1784393513741 13.386404991149902 1859
1784393513744 18.0662841796875 1860
1784393513747 14.912477493286133 1861
1784393513750 14.308048248291016 1862
1784393513753 18.268497467041016 1863
1784393513756 15.993671417236328 1864
1784393513759 14.644328117370605 1865
1784393513762 13.341941833496094 1866
1784393513765 12.810660362243652 1867
1784393513768 10.514660835266113 1868
1784393513771 10.910384178161621 1869
1784393513774 11.529778480529785 1870
1784393513777 11.395209312438965 1871
1784393513780 11.058476448059082 1872
1784393513783 10.647117614746094 1873
1784393513786 11.70051383972168 1874
