1784401000972 0.01612728089094162 0
1784401000975 0.012845800258219242 1
1784401000977 0.009879529476165771 2
1784401000979 0.01069652196019888 3
1784401000982 0.009173967875540257 4
1784401000984 0.009297630749642849 5
1784401000987 0.009039588272571564 6
1784401000989 0.007807039190083742 7
1784401000991 0.008802143856883049 8
1784401000993 0.009263831190764904 9
1784401000996 0.009576433338224888 10
1784401000999 0.009459171444177628 11
1784401001001 0.008334610611200333 12
1784401001003 0.00895976833999157 13
1784401001006 0.006658276077359915 14
1784401001008 0.00851086899638176 15
1784401001010 0.007929462008178234 16
1784401001012 0.007730117067694664 17
1784401001015 0.008013014681637287 18
1784401001017 0.008322897367179394 19
1784401001019 0.006415701005607843 20
1784401001021 0.007561896461993456 21
1784401001023 0.006001351401209831 22
1784401001026 0.0067839971743524075 23
1784401001028 0.006876781582832336 24
1784401001030 0.007355486508458853 25
1784401001033 0.006904909387230873 26
1784401001035 0.0068016666918993 27
1784401001038 0.007193812634795904 28
1784401001040 0.006235669832676649 29
1784401001042 0.007233722601085901 30
1784401001045 0.005351963918656111 31
1784401001047 0.005382387433201075 32
1784401001049 0.006018629297614098 33
1784401001051 0.005464581772685051 34
1784401001053 0.005613340064883232 35
1784401001057 0.004471739754080772 36
1784401001059 0.004887546878308058 37
1784401001062 0.005315741058439016 38
1784401001064 0.0055265179835259914 39
1784401001067 0.006429729517549276 40
1784401001069 0.004972429480403662 41
1784401001071 0.0054882909171283245 42
1784401001073 0.006226170342415571 43
1784401001075 0.006088364403694868 44
1784401001078 0.00492281187325716 45
1784401001080 0.006834041327238083 46
1784401001082 0.005560543853789568 47
1784401001084 0.005896363407373428 48
1784401001087 0.006699425633996725 49
1784401001088 0.006143457721918821 50
1784401001090 0.005250385496765375 51
1784401001094 0.005560517311096191 52
1784401001096 0.005952355917543173 53
1784401001099 0.00540132587775588 54
1784401001100 0.0051663778722286224 55
1784401001103 0.0042482116259634495 56
1784401001106 0.005082762334495783 57
1784401001108 0.0041013495065271854 58
1784401001111 0.005124915856868029 59
1784401001114 0.004814947489649057 60
1784401001116 0.005355343222618103 61
1784401001118 0.005062681157141924 62
1784401001121 0.004256377462297678 63
1784401001123 0.004892369266599417 64
1784401001125 0.004875369369983673 65
1784401001127 0.0041123004630208015 66
1784401001129 0.0039808847941458225 67
1784401001131 0.004929414018988609 68
1784401001133 0.0038808463141322136 69
1784401001135 0.004722394049167633 70
1784401001137 0.004463442135602236 71
1784401001140 0.004506993107497692 72
1784401001142 0.004230710212141275 73
1784401001144 0.0040457663126289845 74
1784401001146 0.003961687441915274 75
1784401001148 0.005103657487779856 76
1784401001150 0.005254741292446852 77
1784401001152 0.0035324329510331154 78
1784401001154 0.00457225413993001 79
1784401001156 0.005105854012072086 80
1784401001159 0.0062250918708741665 81
1784401001161 0.004603114444762468 82
1784401001162 0.004948710557073355 83
1784401001165 0.006170046981424093 84
1784401001167 0.00463199382647872 85
1784401001169 0.0049513778649270535 86
1784401001172 0.005400508642196655 87
1784401001175 0.004556869622319937 88
1784401001178 0.004292853642255068 89
1784401001180 0.0043830350041389465 90
1784401001183 0.004524469841271639 91
1784401001185 0.006154769565910101 92
1784401001188 0.006381473038345575 93
1784401001190 0.005686292424798012 94
1784401001193 0.006412087474018335 95
1784401001195 0.005603497382253408 96
1784401001197 0.005108338315039873 97
1784401001199 0.005208620335906744 98
1784401001202 0.005627522710710764 99
1784401001208 0.006127269472926855 100
1784401001210 0.005435848142951727 101
1784401001213 0.0054677207954227924 102
1784401001215 0.00551439868286252 103
1784401001217 0.005232181400060654 104
1784401001219 0.005335165653377771 105
1784401001221 0.005587635096162558 106
1784401001223 0.005256359931081533 107
1784401001226 0.004675660748034716 108
1784401001228 0.004471029620617628 109
1784401001230 0.004797111265361309 110
1784401001232 0.005315002519637346 111
1784401001234 0.005027366802096367 112
1784401001236 0.0050214072689414024 113
1784401001238 0.005215291399508715 114
1784401001240 0.005736013408750296 115
1784401001242 0.004933447111397982 116
1784401001245 0.005081037059426308 117
1784401001246 0.005086286924779415 118
1784401001249 0.005573627073317766 119
1784401001251 0.0054411981254816055 120
1784401001253 0.00549308443441987 121
1784401001255 0.004084580112248659 122
1784401001258 0.004290696233510971 123
1784401001264 0.005051418673247099 124
1784401001266 0.005023223347961903 125
1784401001269 0.00463257497176528 126
1784401001271 0.004676483105868101 127
1784401001273 0.004842254798859358 128
1784401001275 0.005876867566257715 129
1784401001277 0.005474621430039406 130
1784401001280 0.0057815187610685825 131
1784401001282 0.004462806973606348 132
1784401001284 0.004558047745376825 133
1784401001287 0.005501944571733475 134
1784401001289 0.005961883347481489 135
1784401001291 0.004325700458139181 136
1784401001293 0.0047524417750537395 137
1784401001295 0.004876621067523956 138
1784401001298 0.004406336694955826 139
1784401001300 0.004884617868810892 140
1784401001302 0.0056932042352855206 141
1784401001305 0.005680358503013849 142
1784401001306 0.005191689357161522 143
1784401001309 0.004953546915203333 144
1784401001311 0.004621301311999559 145
1784401001313 0.003967676777392626 146
1784401001315 0.005055347923189402 147
1784401001317 0.0050689238123595715 148
1784401001319 0.0053477524779737 149
1784401001321 0.0054847002029418945 150
1784401001323 0.00490204943343997 151
1784401001325 0.0051824250258505344 152
1784401001327 0.00456062750890851 153
1784401001330 0.005500438157469034 154
1784401001332 0.00496666319668293 155
1784401001334 0.00427717762067914 156
1784401001337 0.0046673850156366825 157
1784401001339 0.004827334079891443 158
1784401001341 0.005530718248337507 159
1784401001343 0.0047244238667190075 160
1784401001346 0.005250490736216307 161
1784401001348 0.0051528713665902615 162
1784401001350 0.00527657987549901 163
1784401001353 0.004122051410377026 164
1784401001355 0.0046110390685498714 165
1784401001357 0.0043647331185638905 166
1784401001360 0.00418314291164279 167
1784401001362 0.0042544263415038586 168
1784401001364 0.005797410849481821 169
1784401001367 0.005205018445849419 170
1784401001369 0.005391858983784914 171
1784401001372 0.004649330861866474 172
1784401001373 0.0047766659408807755 173
1784401001376 0.005497606936842203 174
1784401001378 0.005132695194333792 175
1784401001380 0.006316706072539091 176
1784401001382 0.006148101761937141 177
1784401001384 0.004877632949501276 178
1784401001386 0.005411824211478233 179
1784401001389 0.005325240548700094 180
1784401001391 0.005003667436540127 181
1784401001394 0.0045710536651313305 182
1784401001396 0.004814267624169588 183
1784401001398 0.004992230795323849 184
1784401001401 0.005770934280008078 185
1784401001403 0.005061522591859102 186
1784401001405 0.0056518972851336 187
1784401001408 0.004979942459613085 188
1784401001410 0.006070934236049652 189
1784401001412 0.005052020773291588 190
1784401001415 0.005402166862040758 191
1784401001417 0.004670076537877321 192
1784401001419 0.005654300097376108 193
1784401001421 0.004839522764086723 194
1784401001423 0.004673843737691641 195
1784401001425 0.005041849333792925 196
1784401001427 0.004338629078119993 197
1784401001429 0.005009730812162161 198
1784401001431 0.005700069945305586 199
1784401001433 0.0033648135140538216 200
1784401001435 0.004626581445336342 201
1784401001438 0.004781112540513277 202
1784401001440 0.004805202130228281 203
1784401001442 0.005261695012450218 204
1784401001444 0.005566678941249847 205
1784401001446 0.004518712870776653 206
1784401001448 0.005292315501719713 207
1784401001451 0.004347941372543573 208
1784401001453 0.0048157223500311375 209
1784401001455 0.006334031466394663 210
1784401001457 0.0050137960352003574 211
1784401001459 0.004836781416088343 212
1784401001461 0.004217489156872034 213
1784401001463 0.004778092261403799 214
1784401001465 0.004681431222707033 215
1784401001468 0.0044905380345880985 216
1784401001470 0.004693309776484966 217
1784401001472 0.004299535416066647 218
1784401001474 0.004460994154214859 219
1784401001476 0.005762131419032812 220
1784401001479 0.005463204812258482 221
1784401001481 0.004102526698261499 222
1784401001483 0.005012651905417442 223
1784401001487 0.005321470554918051 224
1784401001489 0.0048652831465005875 225
1784401001492 0.00463563809171319 226
1784401001494 0.004653374198824167 227
1784401001496 0.004431841894984245 228
1784401001499 0.004684536252170801 229
1784401001501 0.005618605297058821 230
1784401001503 0.005107025150209665 231
1784401001505 0.005060689523816109 232
1784401001507 0.004525991156697273 233
1784401001510 0.0056119258515536785 234
1784401001512 0.005595803260803223 235
1784401001514 0.0059363581240177155 236
1784401001517 0.004477029200643301 237
1784401001519 0.004963783081620932 238
1784401001521 0.004877198487520218 239
1784401001523 0.005658910144120455 240
1784401001525 0.005867247935384512 241
1784401001528 0.0044585638679564 242
1784401001530 0.004478204529732466 243
1784401001532 0.004969175439327955 244
1784401001534 0.004216809291392565 245
1784401001536 0.004988355096429586 246
1784401001538 0.00530605623498559 247
1784401001543 0.0057996716350317 248
1784401001546 0.00547653017565608 249
1784401001548 0.005183145869523287 250
1784401001550 0.005200875457376242 251
1784401001552 0.0054014609195292 252
1784401001554 0.004903323017060757 253
1784401001556 0.005100823473185301 254
1784401001559 0.004973505157977343 255
1784401001561 0.005233465228229761 256
1784401001563 0.00615197978913784 257
1784401001566 0.006839974317699671 258
1784401001567 0.005289051216095686 259
1784401001569 0.005490726325660944 260
1784401001572 0.0064273979514837265 261
1784401001574 0.006594102829694748 262
1784401001577 0.006641407962888479 263
1784401001579 0.005531468894332647 264
1784401001581 0.0057910289615392685 265
1784401001584 0.005290638655424118 266
1784401001586 0.005161934997886419 267
1784401001589 0.005447859410196543 268
1784401001591 0.006820648908615112 269
1784401001594 0.006343359127640724 270
1784401001597 0.005483725573867559 271
1784401001599 0.004747588653117418 272
1784401001601 0.005550969857722521 273
1784401001603 0.006466818507760763 274
1784401001606 0.004796087276190519 275
1784401001608 0.0061990427784621716 276
1784401001610 0.004582531750202179 277
1784401001612 0.006014080718159676 278
1784401001614 0.005701748188585043 279
1784401001616 0.005204574670642614 280
1784401001619 0.004826386459171772 281
1784401001621 0.004422601778060198 282
1784401001623 0.005376820918172598 283
1784401001625 0.004373166710138321 284
1784401001627 0.004517346154898405 285
1784401001629 0.004650438204407692 286
1784401001631 0.0048791952431201935 287
1784401001633 0.005102021619677544 288
1784401001635 0.006055621430277824 289
1784401001638 0.005129348952323198 290
1784401001640 0.005420299246907234 291
1784401001642 0.005589492619037628 292
1784401001646 0.005175467114895582 293
1784401001648 0.005860632751137018 294
1784401001651 0.005661403760313988 295
1784401001653 0.004910334944725037 296
1784401001655 0.006060440558940172 297
1784401001657 0.005458775907754898 298
1784401001659 0.005815531592816114 299
1784401001661 0.005031574983149767 300
1784401001663 0.004200522787868977 301
1784401001665 0.005418711807578802 302
1784401001667 0.004336287267506123 303
1784401001670 0.005093086510896683 304
1784401001672 0.005748082417994738 305
1784401001675 0.005817342549562454 306
1784401001677 0.005375637207180262 307
1784401001680 0.004947001580148935 308
1784401001682 0.00466137146577239 309
1784401001684 0.005627486854791641 310
1784401001686 0.005393464118242264 311
1784401001688 0.005300631280988455 312
1784401001690 0.004881652072072029 313
1784401001693 0.005000617820769548 314
1784401001695 0.004805533681064844 315
1784401001697 0.004485165700316429 316
1784401001700 0.004941230174154043 317
1784401001702 0.00635667284950614 318
1784401001704 0.00441982364282012 319
1784401001706 0.005570933688431978 320
1784401001708 0.005929335951805115 321
1784401001710 0.004622910171747208 322
1784401001712 0.005048881284892559 323
1784401001714 0.005726293195039034 324
1784401001717 0.005101215094327927 325
1784401001718 0.005623747128993273 326
1784401001720 0.004371840041130781 327
1784401001723 0.005072872154414654 328
1784401001725 0.005277873482555151 329
1784401001726 0.004760580137372017 330
1784401001729 0.0050070080906152725 331
1784401001731 0.005499550607055426 332
1784401001733 0.005215365905314684 333
1784401001735 0.004676351323723793 334
1784401001737 0.00550295552238822 335
1784401001739 0.005021460819989443 336
1784401001742 0.006427483633160591 337
1784401001744 0.005895716603845358 338
1784401001746 0.004630276467651129 339
1784401001748 0.006078067701309919 340
1784401001750 0.004890599753707647 341
1784401001752 0.005144243594259024 342
1784401001754 0.005861486773937941 343
1784401001756 0.005223887041211128 344
1784401001758 0.005260418634861708 345
1784401001761 0.003800623817369342 346
1784401001762 0.004826581105589867 347
1784401001765 0.004899213556200266 348
1784401001767 0.004443373531103134 349
1784401001768 0.00498589314520359 350
1784401001771 0.0048609389923512936 351
1784401001773 0.0048100766725838184 352
1784401001774 0.005307490471750498 353
1784401001777 0.004777674563229084 354
1784401001779 0.0044402978383004665 355
1784401001781 0.005060452967882156 356
1784401001783 0.005641235504299402 357
1784401001785 0.004643459338694811 358
1784401001787 0.005084563512355089 359
1784401001789 0.004428633954375982 360
1784401001791 0.005909120664000511 361
1784401001793 0.00417121360078454 362
1784401001796 0.004648811649531126 363
1784401001798 0.005360388662666082 364
1784401001799 0.005285995546728373 365
1784401001802 0.004380772355943918 366
1784401001804 0.005162280052900314 367
1784401001806 0.00490204431116581 368
1784401001808 0.004782951902598143 369
1784401001810 0.004806200508028269 370
1784401001812 0.005349110346287489 371
