1784394273873 36.51799194952245 0
1784394277550 11.447795083302797 1
1784394281416 11.420266113474655 2
1784394285176 11.441436328572607 3
1784394288932 11.333560917857442 4
1784394292810 11.190576218100311 5
1784394296670 11.39988627313256 6
1784394300342 11.531087079813176 7
1784394304040 11.634133172799688 8
1784394307976 11.358894106232144 9
1784394311767 11.267472960602749 10
1784394315564 11.33596481368059 11
1784394319363 11.595269282215584 12
1784394323188 11.44078947620648 13
1784394326856 11.565536998178471 14
1784394330589 11.345288341970335 15
1784394334302 1.4049020006740665 16
1784394338069 1.1878245561854273 17
1784394341789 1.14847155026777 18
1784394345469 1.1437370950637853 19
1784394349180 1.1412060517568123 20
1784394352919 1.1459480799931763 21
1784394356597 1.1302018912255092 22
1784394360326 1.1347633837003588 23
1784394364041 1.1334349393148373 24
1784394367786 1.133008831812856 25
1784394371522 1.1546991525906332 26
1784394375246 1.1523511720913782 27
1784394378943 1.1552944981513398 28
1784394382669 1.153712753226167 29
