1784396294175 0.01612728089094162 0
1784396294178 0.012845800258219242 1
1784396294180 0.009879529476165771 2
1784396294183 0.01069652196019888 3
1784396294186 0.009173967875540257 4
1784396294190 0.009297630749642849 5
1784396294195 0.009039588272571564 6
1784396294199 0.007807039190083742 7
1784396294202 0.008802143856883049 8
1784396294205 0.009263831190764904 9
1784396294212 0.009576433338224888 10
1784396294215 0.009459171444177628 11
1784396294219 0.008334610611200333 12
1784396294222 0.00895976833999157 13
1784396294227 0.006658276077359915 14
1784396294230 0.00851086899638176 15
1784396294233 0.007929462008178234 16
1784396294236 0.007730117067694664 17
1784396294241 0.008013014681637287 18
1784396294248 0.008322897367179394 19
1784396294253 0.006415701005607843 20
1784396294256 0.007561896461993456 21
1784396294261 0.006001351401209831 22
1784396294266 0.0067839971743524075 23
1784396294269 0.006876781582832336 24
1784396294273 0.007355486508458853 25
1784396294277 0.006904909387230873 26
1784396294280 0.0068016666918993 27
1784396294284 0.007193812634795904 28
1784396294288 0.006235669832676649 29
1784396294291 0.007233722601085901 30
1784396294295 0.005351963918656111 31
1784396294299 0.005382387433201075 32
1784396294302 0.006018629297614098 33
1784396294306 0.005464581772685051 34
1784396294309 0.005613340064883232 35
1784396294313 0.004471739754080772 36
1784396294316 0.004887546878308058 37
1784396294319 0.005315741058439016 38
1784396294322 0.0055265179835259914 39
1784396294325 0.006429729517549276 40
1784396294329 0.004972429480403662 41
1784396294332 0.0054882909171283245 42
1784396294336 0.006226170342415571 43
1784396294339 0.006088364403694868 44
1784396294343 0.00492281187325716 45
1784396294346 0.006834041327238083 46
1784396294350 0.005560543853789568 47
1784396294354 0.005896363407373428 48
1784396294357 0.006699425633996725 49
1784396294361 0.006143457721918821 50
1784396294364 0.005250385496765375 51
1784396294370 0.005560517311096191 52
1784396294374 0.005952355917543173 53
1784396294378 0.00540132587775588 54
1784396294381 0.0051663778722286224 55
1784396294385 0.0042482116259634495 56
1784396294390 0.005082762334495783 57
1784396294395 0.0041013495065271854 58
1784396294401 0.005124915856868029 59
1784396294408 0.004814947489649057 60
1784396294415 0.005355343222618103 61
1784396294424 0.005062681157141924 62
1784396294432 0.004256377462297678 63
1784396294437 0.004892369266599417 64
1784396294441 0.004875369369983673 65
1784396294445 0.0041123004630208015 66
1784396294448 0.0039808847941458225 67
1784396294451 0.004929414018988609 68
1784396294455 0.0038808463141322136 69
1784396294458 0.004722394049167633 70
1784396294461 0.004463442135602236 71
1784396294465 0.004506993107497692 72
1784396294467 0.004230710212141275 73
1784396294472 0.0040457663126289845 74
1784396294475 0.003961687441915274 75
1784396294480 0.005103657487779856 76
1784396294485 0.005254741292446852 77
1784396294488 0.0035324329510331154 78
1784396294493 0.00457225413993001 79
1784396294497 0.005105854012072086 80
1784396294502 0.0062250918708741665 81
1784396294505 0.004603114444762468 82
1784396294509 0.004948710557073355 83
1784396294513 0.006170046981424093 84
1784396294517 0.00463199382647872 85
1784396294520 0.0049513778649270535 86
1784396294523 0.005400508642196655 87
1784396294527 0.004556869622319937 88
1784396294530 0.004292853642255068 89
1784396294533 0.0043830350041389465 90
1784396294536 0.004524469841271639 91
1784396294539 0.006154769565910101 92
1784396294542 0.006381473038345575 93
1784396294545 0.005686292424798012 94
1784396294548 0.006412087474018335 95
1784396294552 0.005603497382253408 96
1784396294555 0.005108338315039873 97
1784396294558 0.005208620335906744 98
1784396294561 0.005627522710710764 99
1784396294564 0.006127269472926855 100
1784396294568 0.005435848142951727 101
1784396294571 0.0054677207954227924 102
1784396294574 0.00551439868286252 103
1784396294577 0.005232181400060654 104
1784396294581 0.005335165653377771 105
1784396294583 0.005587635096162558 106
1784396294587 0.005256359931081533 107
1784396294590 0.004675660748034716 108
1784396294593 0.004471029620617628 109
1784396294597 0.004797111265361309 110
1784396294600 0.005315002519637346 111
1784396294603 0.005027366802096367 112
1784396294607 0.0050214072689414024 113
1784396294612 0.005215291399508715 114
1784396294615 0.005736013408750296 115
1784396294618 0.004933447111397982 116
1784396294621 0.005081037059426308 117
1784396294624 0.005086286924779415 118
1784396294628 0.005573627073317766 119
1784396294632 0.0054411981254816055 120
1784396294636 0.00549308443441987 121
1784396294640 0.004084580112248659 122
1784396294643 0.004290696233510971 123
1784396294652 0.005051418673247099 124
1784396294656 0.005023223347961903 125
1784396294659 0.00463257497176528 126
1784396294662 0.004676483105868101 127
1784396294665 0.004842254798859358 128
1784396294668 0.005876867566257715 129
1784396294671 0.005474621430039406 130
1784396294673 0.0057815187610685825 131
1784396294676 0.004462806973606348 132
1784396294678 0.004558047745376825 133
1784396294680 0.005501944571733475 134
1784396294683 0.005961883347481489 135
1784396294685 0.004325700458139181 136
1784396294687 0.0047524417750537395 137
1784396294691 0.004876621067523956 138
1784396294694 0.004406336694955826 139
1784396294696 0.004884617868810892 140
1784396294698 0.0056932042352855206 141
1784396294701 0.005680358503013849 142
1784396294704 0.005191689357161522 143
1784396294708 0.004953546915203333 144
1784396294712 0.004621301311999559 145
1784396294716 0.003967676777392626 146
1784396294720 0.005055347923189402 147
1784396294724 0.0050689238123595715 148
1784396294729 0.0053477524779737 149
1784396294732 0.0054847002029418945 150
1784396294736 0.00490204943343997 151
1784396294739 0.0051824250258505344 152
1784396294743 0.00456062750890851 153
1784396294746 0.005500438157469034 154
1784396294749 0.00496666319668293 155
1784396294752 0.00427717762067914 156
1784396294755 0.0046673850156366825 157
1784396294759 0.004827334079891443 158
1784396294762 0.005530718248337507 159
1784396294765 0.0047244238667190075 160
1784396294768 0.005250490736216307 161
1784396294770 0.0051528713665902615 162
1784396294773 0.00527657987549901 163
1784396294775 0.004122051410377026 164
1784396294779 0.0046110390685498714 165
1784396294783 0.0043647331185638905 166
1784396294786 0.00418314291164279 167
1784396294789 0.0042544263415038586 168
1784396294793 0.005797410849481821 169
1784396294798 0.005205018445849419 170
1784396294801 0.005391858983784914 171
1784396294805 0.004649330861866474 172
1784396294807 0.0047766659408807755 173
1784396294811 0.005497606936842203 174
1784396294815 0.005132695194333792 175
1784396294819 0.006316706072539091 176
1784396294822 0.006148101761937141 177
1784396294825 0.004877632949501276 178
1784396294828 0.005411824211478233 179
1784396294830 0.005325240548700094 180
1784396294833 0.005003667436540127 181
1784396294835 0.0045710536651313305 182
1784396294838 0.004814267624169588 183
1784396294841 0.004992230795323849 184
1784396294843 0.005770934280008078 185
1784396294845 0.005061522591859102 186
1784396294847 0.0056518972851336 187
1784396294850 0.004979942459613085 188
1784396294852 0.006070934236049652 189
1784396294854 0.005052020773291588 190
1784396294856 0.005402166862040758 191
1784396294859 0.004670076537877321 192
1784396294862 0.005654300097376108 193
1784396294865 0.004839522764086723 194
1784396294869 0.004673843737691641 195
1784396294872 0.005041849333792925 196
1784396294875 0.004338629078119993 197
1784396294879 0.005009730812162161 198
1784396294883 0.005700069945305586 199
1784396294886 0.0033648135140538216 200
1784396294890 0.004626581445336342 201
1784396294893 0.004781112540513277 202
1784396294897 0.004805202130228281 203
1784396294901 0.005261695012450218 204
1784396294903 0.005566678941249847 205
1784396294906 0.004518712870776653 206
1784396294909 0.005292315501719713 207
1784396294911 0.004347941372543573 208
1784396294914 0.0048157223500311375 209
1784396294916 0.006334031466394663 210
1784396294918 0.0050137960352003574 211
1784396294921 0.004836781416088343 212
1784396294923 0.004217489156872034 213
1784396294926 0.004778092261403799 214
1784396294928 0.004681431222707033 215
1784396294931 0.0044905380345880985 216
1784396294933 0.004693309776484966 217
1784396294935 0.004299535416066647 218
1784396294937 0.004460994154214859 219
1784396294940 0.005762131419032812 220
1784396294944 0.005463204812258482 221
1784396294948 0.004102526698261499 222
1784396294952 0.005012651905417442 223
1784396294956 0.005321470554918051 224
1784396294960 0.0048652831465005875 225
1784396294963 0.00463563809171319 226
1784396294966 0.004653374198824167 227
1784396294970 0.004431841894984245 228
1784396294974 0.004684536252170801 229
1784396294978 0.005618605297058821 230
1784396294982 0.005107025150209665 231
1784396294986 0.005060689523816109 232
1784396294990 0.004525991156697273 233
1784396294995 0.0056119258515536785 234
1784396294999 0.005595803260803223 235
1784396295003 0.0059363581240177155 236
1784396295007 0.004477029200643301 237
1784396295012 0.004963783081620932 238
1784396295016 0.004877198487520218 239
1784396295019 0.005658910144120455 240
1784396295023 0.005867247935384512 241
1784396295026 0.0044585638679564 242
1784396295029 0.004478204529732466 243
1784396295032 0.004969175439327955 244
1784396295036 0.004216809291392565 245
1784396295038 0.004988355096429586 246
1784396295041 0.00530605623498559 247
1784396295047 0.0057996716350317 248
1784396295050 0.00547653017565608 249
1784396295052 0.005183145869523287 250
1784396295055 0.005200875457376242 251
1784396295057 0.0054014609195292 252
1784396295060 0.004903323017060757 253
1784396295062 0.005100823473185301 254
1784396295065 0.004973505157977343 255
1784396295067 0.005233465228229761 256
1784396295069 0.00615197978913784 257
1784396295072 0.006839974317699671 258
1784396295075 0.005289051216095686 259
1784396295079 0.005490726325660944 260
1784396295083 0.0064273979514837265 261
1784396295087 0.006594102829694748 262
1784396295091 0.006641407962888479 263
1784396295094 0.005531468894332647 264
1784396295098 0.0057910289615392685 265
1784396295101 0.005290638655424118 266
1784396295104 0.005161934997886419 267
1784396295109 0.005447859410196543 268
1784396295112 0.006820648908615112 269
1784396295115 0.006343359127640724 270
1784396295119 0.005483725573867559 271
1784396295123 0.004747588653117418 272
1784396295127 0.005550969857722521 273
1784396295130 0.006466818507760763 274
1784396295133 0.004796087276190519 275
1784396295136 0.0061990427784621716 276
1784396295139 0.004582531750202179 277
1784396295142 0.006014080718159676 278
1784396295146 0.005701748188585043 279
1784396295149 0.005204574670642614 280
1784396295152 0.004826386459171772 281
1784396295156 0.004422601778060198 282
1784396295159 0.005376820918172598 283
1784396295163 0.004373166710138321 284
1784396295164 0.004517346154898405 285
1784396295167 0.004650438204407692 286
1784396295170 0.0048791952431201935 287
1784396295172 0.005102021619677544 288
1784396295175 0.006055621430277824 289
1784396295178 0.005129348952323198 290
1784396295182 0.005420299246907234 291
1784396295184 0.005589492619037628 292
1784396295188 0.005175467114895582 293
1784396295191 0.005860632751137018 294
1784396295194 0.005661403760313988 295
1784396295197 0.004910334944725037 296
1784396295200 0.006060440558940172 297
1784396295203 0.005458775907754898 298
1784396295206 0.005815531592816114 299
1784396295209 0.005031574983149767 300
1784396295213 0.004200522787868977 301
1784396295217 0.005418711807578802 302
1784396295221 0.004336287267506123 303
1784396295225 0.005093086510896683 304
1784396295229 0.005748082417994738 305
1784396295232 0.005817342549562454 306
1784396295236 0.005375637207180262 307
1784396295240 0.004947001580148935 308
1784396295244 0.00466137146577239 309
1784396295248 0.005627486854791641 310
1784396295251 0.005393464118242264 311
1784396295254 0.005300631280988455 312
1784396295257 0.004881652072072029 313
1784396295261 0.005000617820769548 314
1784396295264 0.004805533681064844 315
1784396295267 0.004485165700316429 316
1784396295270 0.004941230174154043 317
1784396295273 0.00635667284950614 318
1784396295275 0.00441982364282012 319
1784396295279 0.005570933688431978 320
1784396295282 0.005929335951805115 321
1784396295285 0.004622910171747208 322
1784396295288 0.005048881284892559 323
1784396295291 0.005726293195039034 324
1784396295293 0.005101215094327927 325
1784396295298 0.005623747128993273 326
1784396295302 0.004371840041130781 327
1784396295305 0.005072872154414654 328
1784396295308 0.005277873482555151 329
1784396295311 0.004760580137372017 330
1784396295314 0.0050070080906152725 331
1784396295316 0.005499550607055426 332
1784396295319 0.005215365905314684 333
1784396295321 0.004676351323723793 334
1784396295323 0.00550295552238822 335
1784396295325 0.005021460819989443 336
1784396295327 0.006427483633160591 337
1784396295330 0.005895716603845358 338
1784396295332 0.004630276467651129 339
1784396295334 0.006078067701309919 340
1784396295337 0.004890599753707647 341
1784396295339 0.005144243594259024 342
1784396295342 0.005861486773937941 343
1784396295344 0.005223887041211128 344
1784396295347 0.005260418634861708 345
1784396295350 0.003800623817369342 346
1784396295354 0.004826581105589867 347
1784396295357 0.004899213556200266 348
1784396295360 0.004443373531103134 349
1784396295363 0.00498589314520359 350
1784396295367 0.0048609389923512936 351
1784396295370 0.0048100766725838184 352
1784396295373 0.005307490471750498 353
1784396295376 0.004777674563229084 354
1784396295380 0.0044402978383004665 355
1784396295383 0.005060452967882156 356
1784396295386 0.005641235504299402 357
1784396295388 0.004643459338694811 358
1784396295391 0.005084563512355089 359
1784396295393 0.004428633954375982 360
1784396295396 0.005909120664000511 361
1784396295399 0.00417121360078454 362
1784396295401 0.004648811649531126 363
1784396295404 0.005360388662666082 364
1784396295406 0.005285995546728373 365
1784396295408 0.004380772355943918 366
1784396295411 0.005162280052900314 367
1784396295414 0.00490204431116581 368
1784396295417 0.004782951902598143 369
1784396295419 0.004806200508028269 370
1784396295422 0.005349110346287489 371
